300 10 30 0.5
0 0 0
0 1 0
0 2 0
0 3 0
0 4 0
0 5 0
0 6 0
0 7 1
0 8 0
0 9 0
1 0 0
1 1 0
1 2 0
1 3 0
1 4 0
1 5 0
1 6 0
1 7 0
1 8 0
1 9 0
2 0 0
2 1 1
2 2 0
2 3 0
2 4 0
2 5 0
2 6 0
2 7 0
2 8 0
2 9 0
3 0 0
3 1 1
3 2 0
3 3 0
3 4 0
3 5 0
3 6 0
3 7 0
3 8 0
3 9 0
4 0 0
4 1 0
4 2 0
4 3 0
4 4 0
4 5 0
4 6 0
4 7 0
4 8 0
4 9 0
5 0 1
5 1 1
5 2 1
5 3 0
5 4 0
5 5 0
5 6 0
5 7 1
5 8 1
5 9 1
6 0 0
6 1 1
6 2 1
6 3 1
6 4 0
6 5 0
6 6 0
6 7 1
6 8 0
6 9 1
7 0 0
7 1 1
7 2 1
7 3 0
7 4 0
7 5 0
7 6 0
7 7 0
7 8 1
7 9 1
8 0 1
8 1 1
8 2 1
8 3 1
8 4 1
8 5 1
8 6 1
8 7 1
8 8 1
8 9 1
9 0 1
9 1 1
9 2 1
9 3 1
9 4 1
9 5 0
9 6 1
9 7 0
9 8 1
9 9 1
10 0 1
10 1 1
10 2 1
10 3 0
10 4 1
10 5 0
10 6 1
10 7 1
10 8 1
10 9 1
11 0 0
11 1 0
11 2 0
11 3 0
11 4 0
11 5 0
11 6 0
11 7 0
11 8 0
11 9 0
12 0 1
12 1 1
12 2 1
12 3 1
12 4 1
12 5 1
12 6 1
12 7 1
12 8 1
12 9 1
13 0 0
13 1 1
13 2 1
13 3 1
13 4 1
13 5 1
13 6 1
13 7 1
13 8 1
13 9 1
14 0 0
14 1 1
14 2 0
14 3 0
14 4 0
14 5 0
14 6 0
14 7 0
14 8 0
14 9 0
15 0 1
15 1 1
15 2 1
15 3 0
15 4 0
15 5 0
15 6 1
15 7 0
15 8 1
15 9 1
16 0 1
16 1 1
16 2 1
16 3 1
16 4 0
16 5 1
16 6 1
16 7 1
16 8 1
16 9 1
17 0 0
17 1 1
17 2 0
17 3 0
17 4 0
17 5 0
17 6 1
17 7 0
17 8 1
17 9 0
18 0 0
18 1 0
18 2 0
18 3 0
18 4 0
18 5 0
18 6 0
18 7 0
18 8 0
18 9 0
19 0 1
19 1 1
19 2 1
19 3 1
19 4 1
19 5 1
19 6 1
19 7 0
19 8 1
19 9 1
20 0 0
20 1 0
20 2 0
20 3 0
20 4 0
20 5 0
20 6 0
20 7 0
20 8 0
20 9 0
21 0 1
21 1 1
21 2 1
21 3 1
21 4 1
21 5 1
21 6 1
21 7 0
21 8 1
21 9 1
22 0 0
22 1 0
22 2 0
22 3 0
22 4 0
22 5 0
22 6 0
22 7 0
22 8 0
22 9 0
23 0 0
23 1 0
23 2 0
23 3 0
23 4 0
23 5 0
23 6 0
23 7 0
23 8 0
23 9 0
24 0 0
24 1 1
24 2 1
24 3 0
24 4 1
24 5 0
24 6 0
24 7 0
24 8 0
24 9 1
25 0 1
25 1 1
25 2 1
25 3 1
25 4 1
25 5 1
25 6 1
25 7 1
25 8 1
25 9 1
26 0 1
26 1 1
26 2 1
26 3 1
26 4 1
26 5 1
26 6 1
26 7 1
26 8 1
26 9 1
27 0 1
27 1 1
27 2 1
27 3 1
27 4 1
27 5 1
27 6 1
27 7 1
27 8 1
27 9 1
28 0 1
28 1 1
28 2 1
28 3 0
28 4 1
28 5 0
28 6 1
28 7 0
28 8 1
28 9 1
29 0 0
29 1 0
29 2 0
29 3 0
29 4 0
29 5 0
29 6 0
29 7 1
29 8 0
29 9 0