1221 17 159 0.5
0 0 0
0 1 1
0 2 1
0 3 1
0 4 1
0 5 1
1 0 0
1 1 1
1 2 0
1 3 0
1 4 1
1 5 0
2 0 0
2 1 1
2 4 1
2 5 0
2 6 0
2 7 1
3 0 0
3 1 1
3 4 1
3 5 0
3 6 0
3 7 0
4 0 0
4 1 1
4 4 1
4 5 0
4 6 0
4 7 1
5 0 0
5 1 1
5 4 1
5 5 0
5 6 0
5 7 0
6 0 0
6 1 1
6 4 0
6 5 1
6 6 1
6 7 1
7 0 0
7 1 1
7 4 0
7 5 1
7 6 0
7 7 0
8 0 0
8 1 1
8 4 0
8 5 0
8 6 0
8 7 1
9 0 1
9 1 1
9 4 0
9 5 1
9 6 1
9 7 1
10 0 0
10 1 1
10 4 1
10 5 0
10 6 0
10 7 1
11 0 1
11 1 1
11 4 1
11 5 1
11 6 1
11 7 1
12 0 0
12 1 1
12 4 1
12 5 0
12 6 0
12 7 0
13 0 0
13 1 1
13 4 1
13 5 1
13 6 0
13 7 1
14 0 0
14 1 1
14 4 1
14 5 0
14 6 0
14 7 0
15 0 1
15 1 1
15 4 0
15 5 1
15 6 0
15 7 1
16 0 0
16 1 1
16 4 1
16 5 0
16 6 0
16 7 0
17 0 0
17 1 1
17 4 1
17 5 0
17 6 0
17 7 0
18 0 0
18 1 1
18 4 1
18 5 0
18 6 0
18 7 0
19 0 0
19 1 1
19 4 0
19 5 1
19 6 1
19 7 1
20 0 0
20 1 0
20 4 1
20 5 0
20 6 0
20 7 0
21 0 0
21 1 1
21 4 0
21 5 0
21 6 0
21 7 0
22 0 0
22 1 1
22 4 1
22 5 1
22 6 0
22 7 1
23 0 1
23 1 1
23 4 1
23 5 1
23 6 1
23 7 1
24 0 0
24 1 1
24 4 1
24 5 1
24 6 0
24 7 1
25 0 0
25 1 1
25 4 0
25 5 1
25 6 1
25 7 1
26 0 0
26 1 1
26 4 1
26 5 0
26 6 0
26 7 0
27 0 0
27 1 1
27 2 0
27 4 1
27 5 0
27 7 1
27 8 1
27 9 0
27 10 0
27 11 0
28 0 0
28 1 1
28 2 1
28 4 1
28 5 1
28 7 1
28 8 1
28 9 1
28 10 1
28 11 1
29 0 0
29 1 1
29 2 0
29 4 1
29 5 0
29 7 1
29 8 0
29 9 0
29 10 1
29 11 0
30 0 0
30 1 1
30 2 0
30 4 1
30 5 0
30 7 0
30 8 0
30 9 0
30 10 0
30 11 0
31 0 0
31 1 1
31 2 1
31 4 1
31 5 1
31 7 1
31 8 1
31 9 0
31 10 1
31 11 1
32 0 0
32 1 1
32 2 0
32 4 0
32 5 0
32 7 0
32 8 1
32 9 0
32 11 0
33 0 0
33 1 1
33 2 1
33 4 0
33 5 0
33 7 0
33 8 1
33 9 1
33 11 0
34 0 0
34 1 1
34 2 1
34 4 1
34 5 0
34 7 0
34 8 1
34 9 1
34 10 1
34 11 1
35 0 0
35 1 1
35 2 0
35 4 1
35 5 0
35 7 1
35 8 1
35 9 0
35 10 0
35 11 0
36 0 0
36 1 1
36 2 0
36 4 1
36 5 0
36 7 1
36 8 0
36 9 0
36 10 0
36 11 1
37 0 0
37 1 1
37 2 0
37 4 1
37 5 0
37 7 1
37 8 0
37 9 1
37 10 0
37 11 1
38 0 0
38 1 1
38 2 0
38 4 1
38 5 0
38 7 0
38 8 0
38 9 0
38 10 0
38 11 0
39 0 0
39 1 1
39 2 1
39 4 0
39 5 0
39 7 1
39 8 1
39 9 1
39 10 1
39 11 0
40 0 0
40 1 1
40 2 0
40 4 1
40 5 0
40 7 0
40 8 1
40 9 0
40 10 0
40 11 0
41 0 0
41 1 1
41 2 0
41 4 0
41 5 0
41 7 0
41 8 1
41 9 1
41 10 0
41 11 0
42 0 0
42 1 1
42 2 0
42 4 1
42 5 1
42 7 0
42 8 1
42 9 1
42 10 0
42 11 0
43 0 0
43 1 1
43 2 0
43 4 1
43 5 0
43 7 1
43 8 1
43 9 0
43 11 0
44 0 0
44 1 1
44 2 1
44 4 0
44 5 1
44 7 1
44 8 0
44 9 1
44 10 0
44 11 1
45 0 0
45 1 1
45 2 0
45 4 1
45 5 0
45 7 1
45 8 1
45 9 0
45 10 0
45 11 1
46 0 0
46 2 0
46 4 1
46 5 0
46 7 0
46 8 0
46 9 0
46 10 0
46 11 0
47 0 0
47 2 0
47 4 1
47 5 0
47 7 0
47 8 1
47 9 0
47 11 0
48 0 0
48 2 0
48 4 0
48 5 0
48 7 0
48 8 0
48 9 0
48 10 0
48 11 0
49 0 0
49 2 0
49 4 0
49 5 0
49 7 0
49 8 1
49 9 1
49 10 0
49 11 0
50 0 1
50 2 1
50 4 0
50 5 1
50 7 1
50 8 1
50 9 1
50 10 1
50 11 1
51 0 0
51 2 1
51 4 1
51 5 0
51 7 0
51 8 0
51 9 0
51 10 0
51 11 0
52 0 0
52 2 1
52 4 1
52 5 0
52 8 1
52 11 0
52 12 1
53 0 0
53 2 1
53 4 0
53 5 0
53 8 1
53 11 1
53 12 0
54 0 0
54 2 0
54 4 1
54 5 0
54 8 0
54 11 0
54 12 1
55 0 0
55 2 1
55 4 0
55 5 1
55 8 0
55 11 1
55 12 1
56 0 0
56 2 1
56 4 0
56 5 0
56 8 0
56 11 0
56 12 1
57 0 1
57 2 1
57 4 1
57 5 0
57 8 1
57 11 0
57 12 1
58 0 0
58 2 1
58 4 1
58 5 1
58 8 1
58 11 1
58 12 1
59 0 0
59 2 1
59 4 1
59 5 1
59 8 1
59 11 0
59 12 1
60 0 1
60 2 0
60 4 1
60 5 0
60 8 1
60 11 1
60 12 1
61 0 0
61 2 0
61 4 0
61 5 0
61 8 0
61 11 0
61 12 0
62 0 0
62 2 0
62 5 1
62 8 1
62 11 0
62 12 1
63 0 0
63 2 1
63 4 1
63 5 1
63 8 0
63 11 1
63 12 1
64 0 0
64 2 0
64 4 0
64 5 0
64 8 0
64 11 0
64 12 0
65 0 0
65 2 0
65 4 0
65 5 0
65 8 1
65 11 0
65 12 1
66 0 0
66 2 0
66 4 1
66 5 0
66 8 1
66 11 1
66 12 1
67 0 0
67 2 0
67 4 1
67 5 0
67 8 1
67 11 0
67 12 1
68 0 0
68 2 1
68 4 0
68 5 1
68 8 1
68 11 0
68 12 1
69 0 0
69 2 1
69 4 1
69 5 0
69 8 1
69 11 1
69 12 1
70 0 0
70 2 0
70 4 0
70 5 0
70 8 1
70 11 1
70 12 1
71 0 0
71 2 1
71 5 0
71 8 1
71 11 1
71 12 1
72 0 0
72 2 0
72 4 0
72 5 0
72 8 1
72 11 0
72 12 1
73 0 0
73 2 0
73 4 0
73 5 0
73 8 0
73 11 0
73 12 1
74 0 0
74 2 0
74 4 1
74 5 0
74 8 1
74 11 0
74 12 1
75 0 0
75 2 0
75 4 0
75 5 0
75 8 1
75 11 0
75 12 1
76 0 0
76 2 1
76 4 0
76 5 0
76 8 1
76 11 0
76 12 0
77 0 0
77 1 1
77 4 0
77 5 0
77 6 0
77 11 0
77 12 1
78 0 0
78 1 1
78 4 1
78 5 1
78 6 0
78 11 0
78 12 0
79 0 0
79 1 1
79 4 1
79 5 1
79 6 1
79 11 1
79 12 1
80 0 1
80 1 1
80 4 1
80 5 1
80 6 1
80 11 1
80 12 1
81 0 0
81 1 0
81 4 0
81 5 0
81 6 0
81 11 0
81 12 1
82 0 0
82 1 1
82 4 1
82 5 1
82 6 1
82 11 1
82 12 1
83 0 0
83 1 1
83 4 0
83 5 0
83 6 0
83 11 0
83 12 1
84 0 0
84 1 1
84 4 1
84 5 0
84 6 0
84 11 0
84 12 1
85 0 0
85 1 1
85 4 1
85 5 0
85 6 0
85 11 0
85 12 1
86 0 0
86 1 1
86 4 1
86 5 1
86 6 1
86 11 1
86 12 1
87 0 0
87 1 1
87 4 1
87 5 0
87 6 0
87 11 0
87 12 1
88 0 0
88 1 1
88 4 1
88 5 0
88 6 1
88 11 1
88 12 1
89 0 0
89 1 1
89 4 1
89 5 0
89 6 0
89 11 0
89 12 1
90 0 1
90 1 1
90 4 1
90 5 1
90 6 1
90 11 1
90 12 1
91 0 0
91 1 1
91 4 0
91 5 1
91 6 0
91 11 1
91 12 1
92 0 0
92 1 1
92 4 1
92 5 0
92 6 0
92 11 0
92 12 0
93 0 0
93 1 1
93 4 1
93 5 0
93 6 0
93 11 0
93 12 1
94 0 1
94 1 1
94 4 1
94 5 1
94 6 0
94 11 1
94 12 1
95 0 0
95 1 1
95 4 1
95 5 1
95 6 0
95 11 1
95 12 1
96 0 0
96 1 1
96 4 1
96 5 0
96 6 0
96 11 0
96 12 1
97 0 0
97 1 1
97 4 0
97 5 0
97 6 0
97 11 0
97 12 1
98 0 0
98 1 1
98 4 1
98 5 1
98 6 0
98 11 1
98 12 1
99 0 0
99 1 1
99 4 0
99 5 0
99 6 0
99 11 1
99 12 1
100 0 0
100 1 1
100 4 1
100 5 0
100 11 0
100 12 0
101 0 0
101 1 1
101 4 1
101 8 1
101 11 1
101 12 1
101 13 1
102 0 0
102 1 1
102 4 1
102 8 0
102 11 0
102 12 1
102 13 1
102 14 0
103 0 0
103 1 1
103 4 1
103 8 1
103 11 1
103 12 1
103 13 1
103 14 0
104 0 0
104 1 1
104 4 1
104 8 1
104 11 0
104 12 1
104 13 1
104 14 0
105 0 1
105 1 1
105 4 1
105 8 1
105 11 1
105 12 1
105 13 1
105 14 1
106 0 0
106 1 1
106 4 0
106 8 1
106 11 1
106 12 1
106 13 0
106 14 0
107 0 0
107 1 1
107 4 1
107 8 1
107 11 1
107 12 1
107 13 1
107 14 1
108 0 0
108 1 1
108 4 1
108 8 1
108 11 0
108 12 0
108 13 1
108 14 0
109 0 0
109 1 1
109 4 1
109 8 0
109 11 1
109 12 1
109 13 1
109 14 1
110 0 0
110 1 1
110 4 0
110 8 0
110 11 0
110 12 1
110 13 1
110 14 0
111 0 0
111 1 1
111 4 1
111 8 1
111 11 0
111 12 1
111 13 0
111 14 0
112 0 0
112 1 1
112 4 0
112 8 1
112 11 0
112 12 1
112 13 0
112 14 0
113 0 0
113 1 1
113 4 0
113 8 0
113 11 0
113 12 1
113 13 0
113 14 0
114 0 0
114 1 1
114 4 1
114 8 0
114 11 0
114 12 1
114 13 0
114 14 0
115 0 1
115 1 1
115 4 1
115 8 1
115 11 1
115 12 1
115 13 1
115 14 1
116 0 0
116 1 1
116 4 1
116 8 0
116 11 0
116 12 1
116 13 0
116 14 0
117 0 0
117 1 1
117 4 0
117 8 1
117 11 1
117 12 1
117 13 1
117 14 1
118 0 0
118 1 1
118 4 0
118 8 1
118 11 0
118 12 0
118 13 0
118 14 0
119 0 0
119 1 1
119 4 1
119 8 1
119 11 1
119 12 1
119 13 1
119 14 1
120 0 0
120 1 0
120 8 0
120 11 0
120 12 1
120 13 0
120 14 0
121 0 0
121 1 1
121 4 1
121 8 0
121 11 0
121 12 1
121 13 0
122 0 0
122 1 1
122 4 1
122 8 1
122 11 1
122 12 1
122 13 1
123 0 0
123 1 1
123 4 0
123 8 0
123 11 0
123 12 1
123 13 0
124 0 0
124 1 1
124 4 0
124 8 1
124 11 1
124 12 1
124 13 1
125 0 0
125 1 1
125 4 1
125 8 1
125 11 1
125 12 1
125 13 1
126 0 1
126 1 1
126 2 1
126 5 1
126 8 1
126 10 1
126 11 1
126 12 1
126 15 1
126 16 1
127 0 0
127 1 1
127 2 1
127 5 0
127 8 0
127 10 0
127 11 1
127 12 1
127 15 0
127 16 1
128 0 0
128 1 1
128 2 0
128 5 0
128 8 1
128 10 0
128 11 1
128 12 1
128 15 0
128 16 1
129 0 0
129 1 1
129 2 0
129 5 1
129 8 1
129 10 0
129 11 0
129 12 1
129 15 1
129 16 1
130 0 0
130 1 1
130 2 1
130 5 0
130 8 1
130 10 1
130 11 0
130 12 1
130 15 1
130 16 0
131 0 0
131 1 1
131 2 1
131 5 0
131 8 0
131 11 0
131 12 1
131 15 0
131 16 0
132 0 0
132 1 1
132 5 0
132 8 1
132 11 0
132 12 1
132 15 0
132 16 0
133 0 0
133 1 0
133 2 0
133 5 0
133 8 1
133 10 0
133 11 0
133 12 1
133 15 0
133 16 0
134 0 0
134 1 1
134 2 0
134 5 0
134 8 1
134 11 0
134 12 1
134 15 0
134 16 1
135 0 0
135 1 1
135 2 0
135 5 0
135 8 1
135 11 0
135 12 1
135 16 0
136 0 0
136 1 1
136 2 0
136 5 0
136 8 1
136 10 1
136 11 0
136 12 1
136 15 0
136 16 1
137 0 1
137 1 1
137 2 1
137 5 1
137 8 1
137 10 1
137 11 1
137 12 1
137 15 1
137 16 1
138 0 0
138 1 1
138 2 1
138 5 1
138 8 1
138 10 1
138 11 1
138 12 1
138 15 0
138 16 1
139 0 0
139 1 1
139 2 1
139 5 0
139 8 0
139 10 0
139 11 0
139 12 1
139 15 1
139 16 1
140 0 0
140 1 1
140 2 0
140 5 0
140 8 0
140 11 0
140 12 1
140 15 0
140 16 0
141 0 1
141 1 1
141 2 1
141 5 0
141 8 1
141 10 1
141 11 1
141 12 1
141 15 1
141 16 1
142 0 0
142 1 1
142 2 0
142 5 0
142 8 1
142 10 1
142 11 0
142 12 1
142 15 0
142 16 1
143 0 0
143 1 1
143 2 0
143 5 0
143 8 1
143 10 0
143 11 0
143 12 1
143 15 0
143 16 1
144 0 1
144 1 1
144 2 1
144 5 1
144 8 1
144 10 1
144 11 1
144 12 1
144 15 1
144 16 1
145 0 0
145 1 1
145 2 1
145 5 0
145 8 1
145 10 0
145 11 1
145 12 1
145 15 1
145 16 1
146 0 1
146 1 1
146 2 1
146 5 1
146 8 1
146 10 1
146 11 1
146 12 1
146 15 1
146 16 0
147 0 0
147 1 1
147 2 1
147 5 1
147 8 1
147 10 1
147 11 1
147 12 1
147 15 1
147 16 1
148 0 0
148 1 1
148 2 1
148 5 0
148 8 1
148 10 1
148 11 1
148 12 1
148 15 0
148 16 1
149 0 0
149 1 1
149 2 0
149 5 0
149 8 1
149 10 0
149 11 0
149 12 1
149 16 0
150 0 0
150 1 1
150 4 1
150 5 0
150 6 0
150 11 0
151 0 0
151 1 1
151 4 1
151 5 1
151 6 0
151 11 1
152 0 0
152 1 1
152 4 1
152 5 0
152 6 0
152 11 0
153 0 0
153 1 1
153 4 1
153 5 1
153 6 1
153 11 1
154 0 0
154 1 1
154 4 0
154 5 0
154 6 0
154 11 0
155 0 0
155 1 1
155 4 1
155 5 1
155 6 1
155 11 1
156 0 0
156 1 1
156 4 1
156 5 0
156 6 0
156 11 0
157 0 1
157 1 1
157 4 1
157 5 1
157 6 1
157 11 1
158 0 1
158 1 1
158 4 0
158 5 1
158 6 1
158 11 1