0	8
1	1
2	3
3	10
4	7
5	6
6	8
7	6
8	8
9	4
10	8
11	4
12	6
13	7
14	3
15	10
16	5
17	10
18	9
19	8
20	5
21	1
22	0
23	8
24	7
25	6
26	7
27	8
28	6
29	6
30	0
31	0
32	6
33	2
34	2
35	3
36	4
37	1
38	10
39	3
40	1
41	4
42	0
43	0
44	2
45	1
46	0
47	7
48	10
49	10
50	9
51	10
52	2
53	5
54	3
55	6
56	2
57	3
58	5
59	4
60	10
61	2
62	2
63	9
64	4
65	3
66	3
67	2
68	7
69	10
70	4
71	10
72	2
73	0
74	8
75	1
76	6
77	0
78	1
79	0
80	5
81	7
82	8
83	0
84	7
85	6
86	1
87	3
88	10
89	1
90	5
91	2
92	1
93	7
94	4
95	1
96	3
97	8
98	8
99	4
100	10
101	1
102	10
103	10
104	8
105	0
106	5
107	8
108	5
109	10
110	7
111	9
112	4
113	10
114	0
115	2
116	0
117	5
118	5
119	10
120	4
121	0
122	10
123	3
124	10
125	4
126	9
127	10
128	9
129	8
130	1
131	10
132	3
133	4
134	3
135	8
136	2
137	8
138	5
139	5
140	0
141	5
142	0
143	2
144	3
145	1
146	3
147	3
148	2
149	6
150	3
151	7
152	8
153	9
154	3
155	7
156	5
157	4
158	5
159	0
160	6
161	2
162	9
163	0
164	9
165	3
166	1
167	7
168	2
169	4
170	10
171	1
172	3
173	0
174	2
175	10
176	7
177	1
178	6
179	5
180	2
181	4
182	7
183	0
184	0
185	1
186	8
187	7
188	8
189	0
190	3
191	3
192	7
193	9
194	3
195	4
196	3
197	4
198	3
199	0
200	7
201	0
202	6
203	8
204	2
205	1
206	10
207	8
208	4
209	5
210	6
211	4
212	10
213	9
214	5
215	2
216	4
217	5
218	7
219	0
220	7
221	8
222	0
223	3
224	5
225	7
226	2
227	9
228	5
229	5
230	6
231	1
232	4
233	6
234	3
235	4
236	7
237	0
238	1
239	3
240	4
241	5
242	9
243	0
244	8
245	0
246	0
247	0
248	3
249	6
250	5
251	8
252	9
253	10
254	6
255	1
256	7
257	4
258	8
259	3
260	0
261	4
262	2
263	6
264	9
265	6
266	2
267	7
268	9
269	0
270	3
271	10
272	7
273	9
274	10
275	3
276	3
277	1
278	2
279	5
280	6
281	5
282	2
283	10
284	8
285	4
286	0
287	10
288	6
289	10
290	5
291	9
292	7
293	10
294	4
295	10
296	0
297	1
298	1
299	9
300	9
301	4
302	5
303	1
304	0
305	3
306	4
307	5
308	10
309	1
310	10
311	6
312	9
313	3
314	2
315	3
316	5
317	2
318	0
319	4
320	8
321	4
322	0
323	10
324	9
325	5
326	7
327	9
328	1
329	9
330	3
331	10
332	0
333	10
334	8
335	3
336	0
337	1
338	10
339	10
340	1
341	4
342	9
343	3
344	1
345	9
346	3
347	5
348	9
349	10
350	6
351	5
352	7
353	9
354	7
355	10
356	0
357	0
358	3
359	7
360	3
361	9
362	10
363	1
364	9
365	10
366	2
367	0
368	8
369	1
370	9
371	8
372	10
373	6
374	1
375	8
376	7
377	4
378	9
379	5
380	1
381	8
382	10
383	5
384	10
385	4
386	8
387	7
388	5
389	2
390	7
391	1
392	6
393	2
394	7
395	5
396	8
397	8
398	3
399	1
400	2
401	8
402	7
403	1
404	0
405	10
406	10
407	4
408	6
409	7
410	6
411	8
412	3
413	1
414	2
415	6
416	2
417	7
418	8
419	0
420	8
421	7
422	1
423	3
424	5
425	10
426	7
427	8
428	1
429	10
430	1
431	10
432	7
433	0
434	9
435	9
436	0
437	5
438	3
439	7
440	1
441	4
442	9
443	8
444	0
445	7
446	4
447	5
448	0
449	7
450	3
451	9
452	6
453	7
454	5
455	1
456	4
457	9
458	4
459	1
460	2
461	1
462	2
463	4
464	9
465	8
466	8
467	7
468	4
469	0
470	9
471	9
472	9
473	9
474	10
475	9
476	6
477	9
478	8
479	5
480	8
481	10
482	6
483	3
484	1
485	0
486	5
487	10
488	10
489	1
490	7
491	9
492	10
493	7
494	0
495	0
496	8
497	9
498	10
499	2
500	8
501	8
502	10
503	7
504	4
505	9
506	4
507	8
508	5
509	10
510	9
511	7
512	7
513	4
514	5
515	2
516	9
517	8
518	7
519	10
520	10
521	8
522	7
523	9
524	5
525	6
526	7
527	9
528	3
529	6
530	3
531	9
532	7
533	8
534	3
535	9
536	2
537	3
538	10
539	3
540	3
541	10
542	10
543	1
544	2
545	4
546	9
547	7
548	5
549	7
550	5
551	10
552	10
553	8
554	0
555	8
556	7
557	3
558	2
559	9
560	8
561	2
562	8
563	1
564	7
565	1
566	2
567	9
568	1
569	1
570	2
571	4
572	7
573	7
574	9
575	1
576	9
577	10
578	10
579	6
580	8
581	4
582	10
583	6
584	4
585	7
586	9
587	4
588	4
589	6
590	5
591	10
592	5
593	6
594	7
595	4
596	6
597	7
598	5
599	3
600	10
601	2
602	3
603	1
604	10
605	4
606	5
607	2
608	10
609	8
610	5
611	8
612	9
613	9
614	0
615	0
616	6
617	9
618	8
619	0
620	8
621	3
622	10
623	5
624	0
625	4
626	4
627	1
628	8
629	2
630	3
631	4
632	1
633	5
634	5
635	7
636	5
637	9
638	1
639	7
640	4
641	2
642	10
643	5
644	5
645	6
646	7
647	8
648	8
649	10
650	2
651	5
652	10
653	7
654	5
655	6
656	1
657	4
658	4
659	1
660	3
661	3
662	8
663	8
664	8
665	4
666	6
667	4
668	3
669	6
670	9
671	7
672	4
673	1
674	6
675	8
676	8
677	4
678	6
679	10
680	1
681	8
682	2
683	10
684	1
685	10
686	9
687	5
688	0
689	2
690	5
691	4
692	10
693	3
694	4
695	3
696	0
697	8
698	10
699	8
700	7
701	4
702	7
703	1
704	10
705	3
706	2
707	1
708	0
709	6
710	6
711	9
712	8
713	7
714	4
715	8
716	0
717	10
718	7
719	10
720	3
721	6
722	0
723	10
724	10
725	6
726	8
727	9
728	10
729	9
730	8
731	6
732	6
733	8
734	5
735	4
736	10
737	7
738	3
739	3
740	9
741	10
742	3
743	10
744	9
745	2
746	6
747	2
748	7
749	9
750	4
751	1
752	5
753	6
754	10
755	2
756	8
757	0
758	9
759	10
760	10
761	3
762	1
763	10
764	4
765	5
766	6
767	4
768	6
769	4
770	9
771	3
772	0
773	8
774	7
775	6
776	5
777	5
778	1
779	9
780	5
781	10
782	9
783	2
784	5
785	4
786	0
787	2
788	6
789	10
790	7
791	10
792	9
793	2
794	0
795	2
796	1
797	10
798	9
799	8
800	2
801	4
802	8
803	3
804	10
805	10
806	3
807	7
808	5
809	0
810	2
811	8
812	10
813	6
814	2
815	3
816	0
817	2
818	0
819	4
820	6
821	6
822	10
823	0
824	7
825	0
826	3
827	6
828	1
829	3
830	6
831	4
832	7
833	3
834	4
835	5
836	5
837	3
838	3
839	10
840	7
841	10
842	3
843	0
844	6
845	9
846	9
847	7
848	5
849	7
850	2
851	3
852	6
853	7
854	2
855	10
856	4
857	4
858	7
859	1
860	9
861	8
862	0
863	10
864	4
865	7
866	4
867	4
868	7
869	9
870	10
871	9
872	4
873	8
874	6
875	1
876	2
877	9
878	5
879	8
880	7
881	4
882	3
883	7
884	0
885	2
886	7
887	10
888	6
889	1
890	2
891	7
892	2
893	3
894	0
895	3
896	6
897	10
898	0
899	9
900	9
901	0
902	3
903	9
904	2
905	2
906	1
907	5
908	0
909	4
910	10
911	8
912	6
913	10
914	0
915	1
916	8
917	7
918	5
919	7
920	5
921	6
922	8
923	7
924	0
925	0
926	4
927	10
928	8
929	10
930	3
931	9
932	10
933	9
934	7
935	2
936	4
937	0
938	2
939	5
940	5
941	4
942	4
943	8
944	2
945	0
946	10
947	5
948	5
949	5
950	3
951	5
952	8
953	6
954	4
955	3
956	1
957	3
958	1
959	3
960	1
961	10
962	0
963	0
964	2
965	4
966	4
967	6
968	10
969	3
970	8
971	4
972	8
973	8
974	9
975	6
976	4
977	5
978	9
979	1
980	10
981	3
982	9
983	9
984	9
985	8
986	0
987	5
988	0
989	1
990	7
991	1
992	4
993	10
994	9
995	8
996	10
997	3
998	9
999	2
1000	4
1001	10
1002	7
1003	8
1004	2
1005	1
1006	1
1007	5
1008	0
1009	10
1010	4
1011	7
1012	3
1013	5
1014	0
1015	7
1016	1
1017	1
1018	1
1019	0
1020	9
1021	2
1022	6
1023	10
1024	5
1025	7
1026	10
1027	9
1028	7
1029	3
1030	9
1031	6
1032	0
1033	5
1034	7
1035	3
1036	8
1037	6
1038	1
1039	3
1040	3
1041	4
1042	9
1043	5
1044	1
1045	4
1046	0
1047	6
1048	1
1049	2
1050	6
1051	1
1052	8
1053	7
1054	10
1055	1
1056	9
1057	8
1058	5
1059	5
1060	6
1061	9
1062	10
1063	7
1064	8
1065	0
1066	10
1067	4
1068	8
1069	6
1070	4
1071	9
1072	3
1073	4
1074	5
1075	10
1076	10
1077	10
1078	0
1079	5
1080	10
1081	9
1082	10
1083	4
1084	5
1085	1
1086	2
1087	6
1088	4
1089	3
1090	3
1091	5
1092	8
1093	3
1094	7
1095	5
1096	1
1097	10
1098	0
1099	5
1100	10
1101	2
1102	6
1103	5
1104	3
1105	7
1106	1
1107	7
1108	5
1109	10
1110	1
1111	1
1112	10
1113	3
1114	6
1115	9
1116	9
1117	1
1118	4
1119	7
1120	5
1121	8
1122	5
1123	6
1124	10
1125	9
1126	9
1127	5
1128	4
1129	4
1130	1
1131	6
1132	2
1133	1
1134	0
1135	9
1136	5
1137	4
1138	3
1139	7
1140	6
1141	9
1142	8
1143	2
1144	10
1145	10
1146	9
1147	5
1148	9
1149	7
1150	5
1151	5
1152	0
1153	5
1154	7
1155	8
1156	10
1157	1
1158	4
1159	4
1160	4
1161	6
1162	2
1163	10
1164	0
1165	4
1166	9
1167	6
1168	10
1169	9
1170	1
1171	9
1172	7
1173	1
1174	5
1175	1
1176	8
1177	0
1178	10
1179	3
1180	0
1181	3
1182	7
1183	5
1184	3
1185	9
1186	4
1187	10
1188	2
1189	5
1190	4
1191	8
1192	6
1193	7
1194	0
1195	5
1196	7
1197	5
1198	7
1199	4
1200	0
1201	4
1202	4
1203	3
1204	6
1205	10
1206	1
1207	3
1208	0
1209	2
1210	2
1211	6
1212	9
1213	9
1214	10
1215	10
1216	8
1217	4
1218	4
1219	1
1220	2
1221	0
1222	0
1223	9
1224	5
1225	9
1226	6
1227	4
1228	9
1229	1
1230	7