3	0	0
8	0	1
9	0	0
23	0	0
11	0	1
13	0	0
15	0	0
16	0	0
18	0	0
27	0	1
0	1	0
3	1	1
4	1	0
6	1	0
8	1	1
11	1	1
12	1	0
13	1	1
26	1	0
16	1	0
0	2	1
1	2	1
6	2	0
9	2	1
23	2	1
11	2	1
13	2	1
14	2	0
18	2	1
31	2	0
2	3	0
4	3	1
7	3	0
8	3	1
10	3	1
12	3	1
26	3	0
15	3	0
16	3	0
31	3	0
2	4	1
3	4	0
5	4	1
7	4	1
8	4	1
11	4	0
12	4	0
16	4	1
32	4	1
42	4	1
20	5	0
3	5	1
4	5	0
5	5	0
7	5	1
8	5	1
10	5	0
23	5	1
12	5	0
14	5	0
2	6	0
6	6	0
8	6	0
11	6	1
13	6	0
15	6	0
29	6	0
17	6	0
27	6	1
72	6	0
2	7	0
3	7	0
22	7	0
8	7	0
9	7	0
10	7	0
11	7	1
13	7	0
14	7	0
18	7	0
2	8	0
4	8	0
9	8	0
10	8	0
12	8	1
13	8	0
26	8	1
16	8	0
29	8	0
18	8	0
0	9	0
4	9	0
5	9	0
8	9	1
11	9	1
13	9	1
14	9	0
15	9	0
16	9	0
18	9	0
3	10	1
21	10	0
7	10	0
9	10	0
10	10	1
12	10	1
16	10	0
17	10	0
18	10	1
30	10	0
1	11	0
2	11	0
3	11	0
5	11	0
21	11	1
9	11	0
23	11	0
13	11	0
18	11	0
28	11	0
20	12	0
3	12	1
6	12	0
8	12	1
9	12	0
11	12	1
12	12	1
13	12	0
29	12	0
18	12	1
4	13	0
5	13	0
7	13	0
8	13	1
9	13	0
11	13	1
12	13	1
13	13	1
14	13	0
18	13	0
20	14	0
2	14	0
8	14	0
9	14	0
12	14	1
13	14	0
26	14	1
16	14	0
29	14	0
18	14	0
1	15	1
20	15	0
3	15	1
25	15	1
7	15	0
10	15	0
23	15	0
11	15	1
13	15	0
18	15	1
20	16	1
2	16	1
22	16	0
7	16	1
10	16	0
23	16	1
11	16	1
12	16	1
18	16	1
19	16	1
20	17	0
2	17	0
5	17	0
8	17	0
11	17	1
12	17	1
15	17	0
29	17	1
31	17	0
42	17	0
3	18	0
5	18	0
6	18	0
7	18	0
8	18	1
10	18	0
23	18	0
12	18	0
29	18	0
18	18	0
20	19	0
3	19	1
22	19	1
7	19	1
9	19	0
23	19	0
26	19	1
16	19	0
18	19	1
19	19	1
22	20	1
7	20	0
8	20	1
10	20	0
11	20	1
13	20	0
14	20	0
15	20	0
16	20	0
18	20	0
20	21	0
2	21	1
4	21	0
6	21	0
7	21	0
9	21	0
26	21	0
15	21	0
29	21	0
17	21	0
0	22	0
20	22	1
5	22	0
8	22	0
9	22	0
10	22	0
23	22	0
12	22	1
13	22	0
42	22	0
20	23	0
3	23	1
4	23	0
6	23	0
22	23	1
25	23	1
8	23	0
23	23	0
17	23	0
18	23	0
0	24	0
2	24	0
3	24	0
7	24	0
23	24	0
12	24	1
13	24	0
16	24	0
31	24	0
32	24	0
0	25	0
2	25	1
3	25	0
5	25	0
21	25	1
6	25	0
23	25	0
12	25	1
13	25	0
18	25	0
0	26	1
20	26	1
3	26	1
25	26	1
7	26	0
8	26	1
11	26	1
15	26	0
29	26	1
18	26	1
1	27	0
2	27	1
3	27	1
21	27	0
22	27	0
25	27	1
8	27	0
9	27	0
18	27	1
27	27	0
0	28	1
2	28	1
5	28	1
6	28	1
7	28	1
9	28	1
23	28	1
26	28	0
31	28	1
32	28	1
3	29	0
5	29	0
6	29	1
8	29	0
10	29	0
11	29	0
12	29	0
26	29	0
18	29	1
48	29	1
1	30	0
20	30	0
2	30	0
3	30	0
6	30	0
8	30	1
23	30	0
11	30	1
13	30	0
15	30	0
20	31	1
2	31	1
3	31	1
6	31	1
22	31	0
7	31	1
13	31	1
14	31	1
15	31	1
16	31	1
20	32	1
3	32	0
5	32	0
6	32	0
25	32	1
7	32	0
9	32	1
16	32	1
18	32	1
28	32	0
0	33	0
2	33	0
4	33	0
6	33	0
25	33	1
9	33	0
10	33	0
23	33	0
18	33	0
19	33	1
0	34	0
2	34	0
25	34	1
7	34	0
23	34	0
11	34	1
12	34	0
13	34	0
26	34	0
32	34	0
0	35	1
1	35	1
3	35	1
6	35	1
8	35	1
9	35	1
10	35	1
29	35	1
18	35	1
31	35	1
0	36	1
2	36	1
5	36	0
21	36	0
7	36	1
8	36	1
11	36	1
14	36	1
15	36	1
16	36	0
20	37	0
21	37	0
7	37	1
9	37	1
10	37	1
11	37	0
13	37	1
15	37	0
29	37	1
18	37	1
0	38	1
1	38	1
4	38	1
21	38	0
7	38	1
9	38	1
11	38	1
13	38	1
14	38	1
18	38	1
0	39	0
4	39	0
5	39	1
6	39	0
10	39	1
23	39	0
12	39	0
13	39	1
15	39	0
28	39	1
0	40	0
1	40	0
2	40	0
3	40	0
6	40	0
8	40	0
10	40	0
12	40	1
15	40	0
18	40	0
0	41	0
2	41	0
5	41	0
21	41	1
6	41	0
8	41	0
11	41	1
14	41	0
32	41	0
44	41	0
0	42	0
1	42	0
3	42	0
22	42	1
7	42	0
10	42	0
16	42	0
18	42	0
27	42	1
19	42	1
1	43	1
2	43	0
4	43	0
6	43	0
8	43	0
10	43	1
23	43	1
12	43	0
17	43	0
19	43	1
20	44	0
2	44	0
3	44	0
5	44	0
6	44	0
22	44	1
9	44	0
11	44	1
29	44	0
27	44	0
0	45	0
4	45	1
7	45	1
11	45	1
12	45	1
13	45	1
26	45	1
15	45	1
29	45	0
18	45	1
0	46	0
2	46	0
6	46	0
23	46	0
13	46	0
26	46	1
15	46	0
18	46	0
31	46	0
28	46	0
0	47	1
3	47	1
5	47	0
6	47	0
7	47	0
9	47	1
10	47	0
12	47	1
13	47	0
18	47	0
2	48	1
3	48	0
25	48	1
7	48	1
8	48	1
11	48	0
13	48	1
14	48	1
16	48	1
19	48	0
2	49	0
22	49	1
8	49	1
23	49	0
11	49	1
12	49	0
26	49	0
29	49	0
18	49	0
19	49	1
0	50	0
2	50	0
5	50	0
25	50	0
9	50	0
10	50	1
15	50	0
17	50	0
28	50	0
39	50	0
2	51	1
10	51	0
12	51	0
13	51	1
14	51	1
26	51	0
29	51	0
17	51	1
18	51	1
27	51	1
2	52	0
6	52	0
25	52	1
7	52	0
8	52	0
9	52	0
12	52	0
14	52	0
26	52	1
55	52	0
0	53	0
1	53	0
20	53	0
25	53	1
7	53	0
9	53	0
10	53	0
11	53	1
12	53	1
13	53	0
0	54	0
2	54	0
3	54	0
6	54	0
8	54	1
9	54	0
10	54	1
16	54	0
31	54	0
19	54	1
0	55	1
1	55	1
2	55	1
4	55	1
6	55	1
14	55	1
15	55	1
16	55	1
18	55	1
31	55	1
0	56	0
2	56	1
6	56	0
22	56	1
23	56	0
11	56	1
12	56	0
15	56	0
17	56	0
18	56	0
20	57	1
2	57	0
5	57	1
6	57	1
13	57	0
16	57	1
18	57	1
27	57	1
55	57	0
51	57	0
0	58	1
5	58	1
7	58	1
8	58	1
9	58	1
12	58	1
26	58	0
16	58	0
40	58	1
41	58	1
0	59	0
1	59	0
2	59	1
3	59	1
4	59	0
9	59	0
10	59	0
23	59	0
12	59	0
26	59	1
0	60	1
20	60	1
8	60	1
9	60	0
10	60	1
11	60	0
13	60	0
16	60	1
18	60	0
28	60	1
1	61	1
5	61	0
7	61	0
8	61	0
9	61	0
12	61	0
26	61	1
17	61	0
19	61	1
45	61	0
0	62	0
2	62	0
4	62	0
5	62	0
6	62	0
9	62	0
12	62	1
14	62	0
16	62	0
31	62	0
0	63	0
3	63	1
6	63	0
22	63	1
10	63	0
11	63	1
12	63	1
15	63	0
32	63	0
19	63	1
0	64	1
2	64	1
3	64	0
5	64	0
25	64	0
9	64	1
23	64	1
26	64	1
27	64	1
24	64	0
0	65	0
20	65	0
2	65	0
4	65	0
7	65	0
8	65	1
23	65	0
11	65	1
18	65	0
19	65	1
0	66	1
2	66	1
3	66	1
4	66	0
7	66	1
8	66	1
29	66	1
18	66	1
31	66	1
43	66	1
20	67	1
2	67	1
22	67	0
7	67	1
8	67	1
9	67	1
23	67	1
13	67	1
16	67	1
32	67	1
1	68	1
3	68	0
5	68	1
6	68	0
22	68	1
7	68	0
13	68	0
16	68	0
18	68	0
19	68	1
3	69	1
4	69	0
25	69	1
8	69	0
10	69	0
11	69	1
13	69	0
31	69	0
38	69	0
48	69	0
0	70	0
2	70	0
4	70	1
6	70	0
22	70	0
25	70	1
7	70	0
8	70	1
23	70	0
11	70	1
2	71	1
4	71	0
8	71	1
9	71	0
10	71	1
12	71	1
26	71	0
15	71	0
31	71	0
55	71	0
0	72	0
20	72	0
2	72	1
3	72	1
4	72	0
6	72	0
7	72	0
8	72	0
9	72	0
29	72	0
2	73	1
4	73	1
6	73	0
8	73	1
10	73	0
11	73	1
26	73	1
15	73	1
27	73	1
32	73	1
1	74	1
8	74	1
11	74	1
12	74	1
16	74	1
29	74	1
18	74	0
31	74	1
32	74	1
19	74	0
3	75	0
7	75	0
10	75	1
23	75	0
11	75	1
12	75	1
16	75	1
29	75	0
18	75	1
31	75	0
0	76	1
20	76	1
25	76	0
7	76	1
8	76	1
9	76	1
12	76	0
26	76	1
16	76	1
18	76	1
1	77	1
5	77	1
21	77	0
7	77	1
10	77	1
23	77	1
12	77	1
26	77	0
18	77	1
28	77	1
0	78	0
1	78	0
4	78	1
22	78	1
8	78	1
12	78	0
13	78	0
15	78	0
16	78	0
44	78	0
0	79	0
4	79	0
5	79	0
21	79	1
6	79	0
7	79	0
11	79	1
12	79	1
26	79	1
16	79	1
0	80	0
6	80	0
8	80	1
9	80	0
12	80	0
13	80	0
26	80	1
16	80	0
31	80	0
19	80	1
1	81	1
4	81	1
5	81	1
21	81	0
25	81	0
7	81	0
23	81	1
15	81	0
18	81	1
28	81	1
5	82	1
6	82	1
7	82	1
8	82	1
10	82	1
23	82	1
12	82	1
29	82	1
27	82	1
38	82	1
0	83	0
2	83	0
3	83	0
5	83	0
6	83	0
25	83	1
10	83	0
23	83	0
18	83	0
28	83	0
0	84	0
1	84	0
2	84	0
6	84	0
7	84	0
23	84	0
11	84	1
17	84	0
18	84	0
28	84	1
20	85	1
2	85	1
3	85	1
4	85	0
6	85	0
7	85	0
8	85	0
9	85	0
11	85	1
12	85	0
0	86	0
2	86	0
3	86	0
4	86	0
6	86	0
11	86	1
12	86	0
13	86	0
18	86	0
19	86	1
20	87	1
3	87	0
5	87	1
22	87	0
25	87	0
7	87	1
9	87	1
26	87	0
18	87	1
27	87	1
20	88	1
3	88	1
6	88	0
7	88	1
8	88	1
11	88	1
13	88	0
26	88	1
29	88	1
18	88	1
0	89	0
2	89	0
3	89	0
21	89	0
6	89	0
7	89	0
9	89	0
23	89	0
11	89	1
27	89	0
20	90	0
2	90	0
3	90	0
21	90	1
22	90	1
8	90	0
11	90	1
13	90	0
15	90	0
31	90	0
3	91	1
6	91	0
9	91	0
10	91	0
12	91	1
14	91	0
26	91	0
15	91	0
18	91	0
32	91	1
1	92	1
3	92	1
6	92	0
22	92	1
9	92	0
13	92	1
15	92	0
16	92	0
29	92	1
17	92	0
1	93	0
5	93	0
6	93	0
8	93	1
9	93	0
23	93	0
11	93	1
12	93	1
14	93	0
19	93	1
4	94	1
5	94	1
6	94	1
25	94	0
10	94	1
12	94	1
14	94	1
15	94	1
16	94	1
27	94	1
3	95	1
21	95	0
6	95	1
22	95	0
8	95	1
11	95	1
12	95	0
13	95	1
14	95	1
16	95	1
0	96	0
2	96	0
4	96	0
25	96	0
9	96	0
13	96	0
15	96	0
18	96	0
44	96	0
48	96	0
0	97	1
1	97	1
20	97	1
4	97	1
21	97	0
7	97	1
11	97	1
26	97	0
17	97	1
18	97	1
1	98	0
2	98	1
3	98	0
6	98	0
11	98	1
13	98	1
16	98	1
32	98	1
38	98	0
42	98	1
0	99	0
2	99	0
4	99	0
21	99	1
6	99	0
25	99	1
10	99	0
11	99	1
15	99	0
31	99	0
20	100	1
6	100	0
8	100	1
9	100	0
10	100	0
23	100	0
11	100	1
13	100	0
29	100	0
18	100	0
0	101	0
20	101	0
5	101	0
8	101	0
9	101	0
12	101	0
13	101	0
15	101	0
29	101	0
18	101	0
0	102	0
2	102	1
3	102	0
5	102	1
7	102	0
23	102	0
12	102	0
13	102	1
16	102	0
18	102	0
2	103	0
5	103	0
6	103	0
7	103	0
10	103	1
23	103	1
11	103	1
12	103	1
15	103	0
16	103	0
3	104	0
4	104	1
5	104	1
6	104	1
7	104	0
9	104	0
10	104	0
12	104	0
13	104	1
29	104	0
1	105	1
6	105	0
8	105	1
9	105	1
23	105	1
11	105	1
12	105	0
13	105	1
29	105	0
18	105	1
2	106	1
3	106	1
4	106	0
6	106	0
22	106	1
7	106	0
8	106	1
23	106	0
12	106	0
18	106	1
0	107	1
1	107	1
20	107	1
3	107	1
5	107	1
8	107	1
23	107	1
12	107	1
14	107	1
31	107	1
2	108	1
4	108	1
5	108	1
6	108	0
22	108	0
9	108	1
10	108	1
12	108	1
13	108	1
31	108	1
0	109	1
20	109	1
2	109	1
25	109	0
7	109	0
9	109	1
13	109	1
29	109	1
18	109	0
19	109	1
3	110	0
6	110	0
25	110	1
8	110	1
12	110	1
13	110	0
14	110	0
26	110	1
16	110	0
18	110	0
1	111	0
20	111	0
3	111	1
21	111	0
9	111	0
10	111	0
12	111	1
13	111	1
17	111	0
27	111	0
2	112	0
4	112	1
5	112	1
21	112	1
6	112	0
9	112	0
12	112	0
18	112	0
32	112	0
28	112	0
20	113	0
2	113	0
3	113	0
6	113	0
7	113	0
8	113	1
9	113	0
23	113	0
13	113	0
65	113	1
0	114	0
5	114	0
9	114	0
11	114	1
13	114	0
15	114	0
16	114	0
17	114	0
32	114	1
42	114	0
20	115	0
5	115	1
8	115	0
9	115	0
10	115	0
23	115	0
11	115	1
12	115	1
13	115	1
19	115	1
1	116	1
2	116	1
3	116	1
5	116	0
7	116	1
8	116	0
9	116	0
11	116	1
13	116	1
18	116	0
0	117	0
1	117	0
3	117	0
5	117	0
8	117	1
10	117	0
11	117	1
14	117	0
26	117	1
16	117	0
1	118	0
20	118	1
4	118	0
6	118	0
8	118	0
9	118	1
11	118	1
14	118	0
16	118	0
27	118	1
0	119	1
2	119	0
3	119	1
4	119	1
5	119	1
7	119	0
9	119	1
10	119	0
11	119	1
48	119	1
0	120	0
20	120	1
2	120	1
3	120	1
8	120	1
11	120	1
13	120	0
14	120	0
17	120	0
18	120	0
3	121	0
22	121	1
8	121	1
11	121	1
12	121	1
13	121	0
18	121	1
38	121	0
58	121	1
48	121	1
2	122	1
3	122	1
4	122	1
22	122	0
7	122	1
9	122	1
11	122	0
12	122	1
19	122	0
51	122	1
3	123	1
6	123	1
25	123	0
7	123	1
9	123	1
11	123	0
12	123	0
29	123	1
31	123	1
19	123	1
1	124	1
20	124	1
4	124	1
5	124	0
6	124	0
9	124	0
23	124	0
12	124	0
16	124	1
28	124	1
2	125	0
21	125	1
8	125	0
10	125	0
11	125	1
12	125	1
14	125	0
26	125	1
19	125	1
42	125	0
0	126	0
20	126	1
2	126	0
5	126	0
6	126	0
23	126	0
11	126	1
16	126	0
17	126	0
18	126	0
0	127	1
2	127	0
3	127	0
5	127	1
6	127	0
22	127	1
7	127	0
9	127	0
23	127	0
16	127	0
0	128	0
20	128	0
2	128	0
6	128	0
7	128	0
9	128	0
10	128	0
14	128	0
19	128	1
44	128	0
20	129	1
2	129	1
5	129	1
6	129	0
22	129	0
7	129	0
8	129	1
12	129	0
13	129	1
18	129	1
0	130	1
2	130	1
4	130	1
6	130	0
22	130	0
8	130	1
23	130	0
11	130	1
13	130	1
16	130	1
0	131	0
20	131	1
6	131	0
22	131	0
8	131	1
9	131	1
13	131	1
14	131	1
29	131	1
49	131	0
2	132	1
3	132	0
22	132	0
8	132	1
9	132	0
10	132	0
13	132	1
14	132	1
26	132	0
18	132	1
3	133	0
5	133	1
21	133	0
7	133	1
8	133	1
9	133	1
10	133	0
12	133	0
14	133	1
18	133	1
3	134	0
21	134	1
22	134	1
7	134	0
11	134	1
13	134	0
26	134	0
18	134	0
31	134	0
19	134	1
1	135	1
2	135	1
3	135	1
7	135	1
10	135	1
23	135	0
14	135	0
16	135	0
18	135	1
31	135	0
3	136	1
5	136	0
25	136	1
8	136	0
12	136	1
26	136	1
16	136	0
18	136	0
19	136	1
53	136	1
0	137	0
2	137	0
5	137	0
7	137	0
8	137	1
10	137	0
11	137	1
13	137	0
16	137	0
32	137	0
0	138	0
20	138	0
2	138	0
3	138	0
25	138	1
7	138	0
8	138	1
16	138	1
62	138	0
19	138	1
0	139	0
3	139	0
4	139	0
5	139	0
6	139	0
9	139	1
12	139	1
14	139	0
26	139	0
18	139	0
0	140	1
2	140	0
5	140	1
21	140	0
6	140	0
8	140	1
9	140	0
23	140	1
11	140	1
14	140	1
0	141	1
3	141	0
6	141	1
22	141	0
8	141	1
9	141	1
15	141	1
18	141	1
19	141	0
60	141	1
3	142	0
5	142	0
21	142	1
22	142	1
25	142	1
7	142	0
8	142	1
23	142	0
11	142	1
13	142	0
0	143	0
2	143	0
4	143	0
6	143	0
25	143	0
7	143	0
11	143	1
12	143	1
26	143	1
19	143	1
2	144	0
4	144	0
5	144	0
8	144	0
9	144	0
10	144	1
23	144	0
11	144	1
18	144	1
64	144	0
1	145	1
3	145	0
22	145	0
7	145	1
12	145	0
15	145	1
16	145	1
29	145	1
18	145	0
31	145	1
2	146	0
4	146	1
6	146	0
7	146	0
10	146	0
23	146	0
11	146	1
16	146	1
29	146	0
18	146	0
0	147	1
1	147	1
3	147	1
8	147	1
9	147	1
10	147	0
12	147	1
13	147	0
14	147	0
26	147	1
2	148	1
5	148	0
6	148	0
22	148	1
8	148	0
23	148	1
12	148	1
16	148	1
27	148	1
28	148	0
0	149	0
6	149	0
9	149	0
10	149	0
23	149	0
11	149	1
12	149	0
13	149	0
27	149	0
69	149	0
20	150	0
3	150	0
4	150	0
5	150	1
6	150	1
7	150	0
9	150	1
10	150	0
12	150	0
15	150	1
2	151	1
6	151	1
7	151	1
8	151	1
10	151	1
11	151	0
12	151	0
14	151	1
16	151	1
18	151	0
0	152	0
1	152	0
3	152	0
6	152	0
8	152	0
9	152	0
13	152	0
26	152	1
15	152	0
31	152	0
2	153	0
3	153	0
4	153	0
6	153	0
9	153	0
13	153	0
29	153	0
17	153	0
32	153	0
19	153	1
0	154	1
1	154	1
5	154	1
6	154	1
8	154	1
23	154	1
12	154	0
13	154	1
26	154	0
27	154	1
1	155	1
2	155	1
3	155	1
5	155	1
6	155	0
7	155	1
10	155	1
23	155	0
18	155	1
27	155	0
2	156	1
3	156	1
5	156	1
7	156	1
8	156	1
12	156	0
14	156	1
26	156	0
28	156	1
55	156	1
0	157	0
4	157	0
6	157	0
8	157	0
9	157	0
10	157	0
12	157	1
18	157	0
19	157	1
54	157	1
0	158	0
3	158	0
25	158	1
11	158	1
12	158	1
13	158	0
16	158	0
29	158	0
17	158	0
18	158	1
0	159	0
2	159	0
3	159	1
4	159	0
6	159	0
25	159	1
11	159	1
12	159	1
15	159	0
19	159	1
4	160	0
6	160	0
7	160	0
9	160	0
23	160	0
11	160	1
26	160	1
15	160	0
31	160	0
19	160	1
1	161	0
20	161	1
4	161	0
6	161	0
8	161	1
10	161	0
23	161	0
11	161	1
12	161	1
18	161	0
2	162	1
5	162	1
6	162	0
22	162	0
7	162	1
8	162	1
9	162	0
11	162	0
27	162	1
32	162	1
1	163	0
20	163	0
2	163	0
3	163	0
7	163	0
8	163	0
10	163	0
13	163	0
16	163	0
19	163	1
1	164	0
20	164	0
3	164	0
4	164	0
8	164	0
9	164	0
23	164	0
11	164	1
13	164	0
19	164	1
3	165	1
4	165	1
7	165	1
8	165	1
9	165	1
12	165	1
13	165	1
16	165	0
18	165	1
32	165	1
0	166	1
20	166	1
4	166	1
5	166	1
6	166	1
8	166	1
9	166	0
12	166	1
16	166	0
27	166	1
0	167	0
3	167	0
9	167	1
10	167	0
12	167	1
13	167	0
14	167	0
16	167	0
18	167	0
38	167	0
2	168	0
3	168	1
6	168	0
22	168	1
8	168	0
23	168	0
17	168	0
18	168	0
27	168	0
19	168	1
0	169	1
2	169	1
4	169	1
6	169	0
8	169	1
9	169	1
12	169	1
16	169	0
45	169	0
48	169	1
0	170	0
2	170	1
4	170	1
7	170	0
8	170	1
23	170	0
11	170	1
12	170	0
15	170	0
16	170	0
0	171	1
1	171	1
3	171	0
9	171	1
11	171	0
12	171	1
15	171	1
16	171	1
19	171	0
56	171	1
20	172	1
6	172	1
7	172	1
8	172	1
9	172	1
13	172	1
26	172	0
16	172	1
19	172	0
38	172	1
0	173	0
1	173	0
20	173	0
5	173	0
6	173	0
25	173	1
7	173	0
11	173	1
29	173	0
32	173	0
2	174	0
3	174	0
4	174	1
5	174	0
22	174	1
7	174	0
13	174	1
16	174	0
18	174	0
27	174	0
2	175	1
3	175	0
6	175	1
25	175	0
7	175	1
23	175	1
11	175	0
14	175	1
26	175	0
18	175	1
0	176	1
6	176	1
25	176	1
7	176	0
9	176	1
11	176	1
12	176	1
29	176	0
17	176	1
27	176	1
20	177	1
5	177	1
25	177	0
7	177	1
8	177	1
9	177	1
11	177	1
12	177	1
13	177	1
16	177	0
3	178	0
5	178	0
6	178	0
7	178	0
9	178	0
23	178	0
14	178	0
26	178	1
16	178	0
18	178	0
3	179	0
4	179	1
5	179	1
8	179	1
9	179	0
10	179	0
23	179	1
11	179	1
12	179	0
29	179	1
0	180	1
2	180	1
5	180	1
8	180	1
12	180	0
13	180	1
26	180	0
15	180	1
18	180	1
31	180	1
0	181	1
20	181	1
3	181	0
5	181	1
6	181	1
25	181	1
8	181	1
9	181	0
11	181	1
13	181	0
0	182	0
6	182	0
22	182	1
9	182	0
23	182	0
13	182	0
15	182	0
29	182	0
18	182	1
32	182	0
0	183	0
2	183	1
4	183	1
7	183	0
13	183	1
14	183	1
26	183	1
29	183	0
17	183	1
18	183	1
0	184	0
20	184	1
2	184	0
6	184	0
8	184	0
23	184	0
12	184	1
26	184	1
15	184	0
32	184	0
0	185	0
20	185	1
6	185	0
7	185	0
10	185	0
11	185	1
12	185	1
13	185	0
14	185	0
16	185	0
0	186	1
6	186	0
8	186	0
10	186	0
23	186	0
12	186	1
14	186	0
18	186	0
32	186	1
24	186	0
0	187	0
1	187	0
20	187	0
2	187	0
21	187	1
7	187	0
9	187	0
23	187	0
12	187	0
14	187	0
2	188	0
25	188	1
7	188	0
9	188	0
23	188	0
11	188	1
13	188	0
14	188	0
18	188	0
41	188	0
0	189	0
3	189	0
7	189	0
8	189	0
10	189	0
12	189	0
14	189	0
26	189	0
16	189	0
18	189	0
5	190	1
6	190	1
22	190	0
7	190	1
9	190	1
23	190	1
11	190	0
16	190	0
18	190	1
31	190	1
0	191	1
4	191	1
6	191	0
22	191	0
9	191	1
23	191	1
12	191	0
16	191	0
29	191	1
18	191	0
1	192	0
2	192	0
4	192	1
5	192	0
6	192	0
7	192	0
8	192	1
10	192	0
23	192	0
13	192	0
20	193	1
3	193	1
6	193	0
9	193	1
10	193	0
11	193	1
13	193	1
17	193	0
18	193	1
57	193	1
0	194	1
3	194	0
8	194	1
9	194	0
10	194	0
13	194	1
26	194	1
15	194	1
16	194	1
45	194	1
0	195	0
2	195	1
3	195	1
7	195	1
10	195	0
23	195	1
26	195	1
15	195	0
32	195	1
19	195	1
1	196	0
2	196	0
3	196	0
4	196	0
6	196	0
7	196	0
12	196	0
14	196	0
16	196	0
31	196	0
0	197	1
20	197	1
2	197	1
6	197	1
7	197	1
10	197	1
23	197	1
11	197	1
12	197	1
29	197	1
1	198	0
20	198	0
2	198	0
3	198	0
6	198	0
11	198	1
12	198	0
29	198	0
18	198	0
69	198	0
0	199	1
20	199	0
2	199	0
6	199	0
22	199	1
8	199	1
10	199	0
11	199	1
12	199	0
18	199	0
0	200	0
21	200	0
6	200	0
7	200	1
8	200	1
23	200	0
13	200	1
16	200	0
18	200	0
27	200	1
0	201	0
3	201	1
4	201	0
5	201	0
9	201	0
23	201	0
12	201	1
13	201	0
18	201	0
27	201	1
0	202	1
20	202	1
3	202	0
4	202	1
22	202	0
8	202	1
23	202	0
12	202	1
13	202	0
29	202	1
2	203	1
3	203	0
6	203	1
25	203	0
9	203	1
12	203	1
13	203	1
26	203	0
17	203	1
18	203	1
0	204	0
3	204	1
22	204	1
8	204	1
23	204	0
11	204	1
12	204	1
13	204	0
15	204	0
69	204	0
0	205	1
2	205	1
5	205	1
7	205	1
10	205	0
23	205	1
11	205	1
13	205	0
26	205	1
16	205	1
0	206	0
2	206	0
4	206	1
6	206	0
7	206	0
9	206	0
29	206	0
18	206	0
32	206	0
44	206	0
0	207	1
2	207	1
6	207	1
7	207	1
8	207	1
11	207	0
12	207	1
16	207	1
18	207	1
31	207	1
0	208	1
20	208	1
2	208	1
3	208	1
21	208	0
6	208	1
8	208	1
9	208	1
10	208	1
14	208	1
2	209	1
4	209	0
6	209	0
7	209	0
8	209	1
11	209	1
13	209	1
16	209	1
37	209	1
19	209	1
0	210	1
20	210	1
2	210	1
3	210	0
4	210	1
25	210	0
7	210	1
12	210	0
13	210	1
16	210	1
0	211	1
2	211	1
6	211	1
22	211	0
25	211	0
9	211	1
23	211	1
11	211	1
12	211	1
29	211	1
0	212	0
25	212	1
8	212	1
10	212	1
14	212	0
29	212	0
17	212	0
18	212	0
27	212	1
19	212	1
0	213	1
3	213	0
5	213	1
22	213	0
9	213	1
10	213	1
23	213	1
12	213	0
13	213	0
19	213	0
0	214	0
2	214	0
7	214	0
10	214	0
23	214	0
13	214	0
14	214	0
16	214	0
18	214	0
58	214	0
0	215	1
3	215	1
5	215	1
6	215	1
22	215	0
25	215	1
10	215	1
23	215	1
12	215	0
31	215	1
0	216	0
2	216	0
25	216	0
7	216	0
8	216	1
9	216	0
10	216	0
23	216	0
18	216	0
19	216	1
0	217	1
2	217	0
3	217	0
4	217	0
7	217	0
9	217	1
10	217	0
12	217	1
13	217	0
18	217	0
2	218	1
3	218	1
4	218	1
7	218	0
9	218	0
10	218	1
15	218	1
16	218	0
18	218	0
55	218	0
0	219	0
3	219	1
25	219	1
7	219	0
8	219	1
9	219	0
12	219	0
29	219	0
18	219	0
56	219	0
0	220	1
20	220	1
6	220	1
7	220	0
8	220	1
9	220	0
11	220	0
12	220	0
14	220	0
18	220	1
0	221	1
10	221	0
23	221	0
12	221	0
13	221	1
26	221	0
15	221	1
16	221	1
18	221	0
27	221	1
3	222	1
4	222	1
5	222	1
22	222	1
25	222	0
7	222	1
8	222	1
10	222	0
12	222	1
26	222	0
0	223	1
1	223	1
2	223	1
3	223	1
7	223	1
23	223	1
11	223	1
12	223	1
18	223	1
27	223	1
0	224	1
20	224	1
3	224	0
6	224	0
25	224	1
7	224	1
23	224	1
18	224	1
32	224	1
55	224	1
3	225	0
4	225	1
5	225	0
6	225	0
7	225	0
23	225	0
11	225	1
13	225	1
14	225	1
16	225	1
2	226	1
3	226	1
22	226	1
8	226	1
23	226	1
12	226	1
13	226	1
16	226	1
18	226	0
37	226	1
20	227	0
21	227	1
6	227	0
11	227	1
12	227	0
14	227	0
15	227	0
17	227	0
43	227	0
47	227	0
1	228	0
3	228	0
6	228	0
25	228	1
11	228	1
13	228	0
16	228	0
29	228	0
18	228	0
27	228	0
20	229	1
5	229	1
21	229	1
6	229	1
25	229	0
8	229	1
9	229	1
23	229	1
11	229	1
14	229	1
0	230	0
4	230	0
5	230	0
7	230	0
9	230	0
13	230	0
26	230	1
15	230	0
27	230	0
19	230	1
0	231	1
2	231	1
3	231	1
6	231	1
25	231	0
7	231	0
8	231	1
23	231	1
11	231	0
32	231	1
0	232	1
5	232	0
22	232	0
9	232	1
10	232	0
11	232	1
12	232	1
15	232	0
16	232	0
27	232	1
0	233	0
4	233	1
5	233	0
7	233	1
9	233	1
10	233	0
12	233	1
16	233	1
29	233	1
24	233	1
20	234	1
5	234	0
6	234	0
7	234	0
8	234	0
9	234	0
11	234	1
12	234	0
27	234	1
38	234	0
20	235	0
2	235	1
5	235	0
6	235	0
25	235	1
9	235	0
10	235	0
12	235	0
13	235	0
31	235	0
4	236	1
6	236	1
7	236	1
8	236	1
9	236	1
10	236	1
23	236	1
26	236	0
18	236	1
47	236	1
4	237	1
7	237	1
8	237	1
23	237	1
12	237	0
15	237	1
29	237	1
18	237	1
52	237	1
54	237	1
0	238	0
1	238	1
6	238	0
7	238	1
9	238	1
10	238	0
11	238	1
13	238	1
32	238	1
19	238	1
0	239	0
2	239	0
5	239	0
25	239	1
9	239	0
11	239	1
13	239	0
14	239	0
26	239	1
32	239	0
0	240	0
2	240	1
6	240	0
7	240	0
11	240	1
12	240	0
15	240	0
18	240	1
27	240	1
42	240	0
1	241	0
20	241	0
2	241	0
3	241	0
25	241	1
8	241	0
12	241	0
13	241	0
15	241	0
29	241	0
0	242	0
1	242	0
21	242	0
6	242	0
22	242	1
23	242	0
11	242	1
12	242	0
13	242	0
15	242	0
20	243	0
2	243	0
7	243	0
8	243	1
10	243	0
23	243	0
12	243	1
15	243	0
29	243	0
18	243	0
0	244	0
2	244	1
3	244	0
6	244	0
8	244	1
14	244	1
15	244	0
18	244	0
27	244	0
32	244	1
0	245	1
3	245	1
21	245	0
6	245	1
22	245	1
7	245	1
9	245	1
10	245	0
23	245	1
13	245	1
1	246	0
2	246	0
3	246	0
4	246	0
5	246	0
8	246	0
12	246	0
15	246	0
29	246	0
19	246	1
0	247	0
20	247	1
3	247	1
7	247	0
8	247	1
9	247	0
11	247	1
12	247	0
15	247	0
27	247	0
0	248	0
3	248	1
4	248	1
22	248	1
7	248	0
10	248	0
23	248	0
16	248	0
29	248	0
18	248	1
0	249	1
2	249	0
3	249	1
9	249	0
10	249	0
12	249	1
15	249	0
17	249	1
18	249	0
19	249	1
0	250	1
2	250	1
3	250	0
6	250	0
8	250	1
11	250	0
12	250	0
13	250	0
14	250	0
29	250	1
0	251	1
20	251	1
2	251	1
4	251	1
5	251	1
21	251	0
22	251	0
8	251	1
9	251	1
12	251	1
2	252	0
3	252	0
4	252	0
25	252	1
7	252	0
9	252	0
11	252	1
26	252	1
15	252	0
44	252	0
0	253	1
25	253	1
7	253	0
8	253	1
10	253	0
11	253	1
13	253	0
14	253	0
38	253	1
47	253	0
0	254	1
3	254	1
4	254	1
6	254	1
8	254	0
10	254	0
11	254	1
12	254	1
26	254	0
18	254	1
2	255	1
3	255	0
4	255	1
6	255	1
12	255	0
13	255	1
26	255	0
16	255	1
31	255	1
51	255	1
0	256	1
20	256	1
4	256	1
5	256	1
9	256	1
23	256	1
11	256	1
12	256	0
26	256	1
16	256	1
0	257	0
1	257	0
20	257	1
2	257	1
5	257	1
21	257	0
7	257	0
8	257	1
9	257	0
11	257	1
2	258	0
7	258	0
8	258	1
9	258	0
10	258	0
11	258	1
12	258	1
13	258	0
16	258	0
31	258	0
0	259	0
3	259	1
25	259	0
7	259	0
12	259	1
13	259	1
26	259	0
15	259	0
18	259	1
27	259	1
20	260	1
2	260	1
3	260	1
25	260	0
7	260	1
8	260	1
9	260	1
11	260	1
13	260	1
18	260	1
3	261	1
6	261	1
22	261	1
8	261	1
23	261	1
13	261	1
26	261	1
16	261	1
19	261	0
42	261	1
0	262	1
1	262	1
2	262	1
6	262	1
25	262	0
7	262	1
8	262	1
10	262	1
11	262	0
29	262	1
0	263	0
20	263	1
5	263	0
22	263	1
7	263	0
9	263	1
23	263	1
11	263	1
12	263	0
26	263	0
1	264	0
3	264	0
22	264	1
23	264	0
11	264	1
12	264	0
13	264	0
14	264	0
26	264	1
27	264	0
0	265	0
3	265	0
4	265	0
21	265	1
6	265	0
22	265	0
10	265	0
23	265	0
11	265	1
12	265	0
20	266	1
2	266	1
6	266	1
25	266	0
9	266	1
11	266	1
12	266	1
15	266	0
16	266	0
29	266	1
0	267	1
2	267	1
6	267	0
25	267	0
8	267	0
10	267	0
12	267	0
13	267	0
26	267	0
17	267	1
22	268	1
7	268	0
9	268	0
10	268	0
23	268	0
11	268	1
12	268	0
13	268	0
26	268	1
65	268	1
1	269	1
20	269	1
7	269	0
10	269	1
23	269	0
11	269	1
12	269	1
14	269	0
26	269	1
15	269	0
0	270	0
20	270	0
5	270	0
6	270	0
22	270	0
25	270	0
9	270	1
10	270	0
11	270	1
16	270	0
0	271	0
1	271	0
3	271	1
21	271	1
7	271	0
8	271	0
12	271	1
32	271	0
19	271	1
28	271	1
2	272	0
3	272	0
22	272	1
8	272	0
9	272	0
10	272	0
23	272	0
13	272	0
16	272	1
17	272	0
2	273	0
3	273	0
6	273	0
9	273	0
23	273	0
12	273	0
13	273	0
14	273	1
26	273	0
48	273	1
20	274	1
2	274	1
3	274	1
25	274	0
7	274	0
9	274	1
10	274	1
14	274	1
16	274	1
29	274	1
0	275	1
5	275	1
6	275	0
9	275	0
11	275	1
14	275	1
26	275	1
18	275	1
27	275	0
28	275	1
20	276	0
3	276	1
4	276	0
6	276	0
7	276	1
23	276	1
12	276	1
14	276	0
26	276	0
18	276	0
20	277	0
3	277	1
7	277	0
8	277	1
23	277	1
11	277	1
12	277	1
13	277	0
17	277	0
27	277	0
1	278	0
3	278	0
4	278	1
5	278	0
6	278	0
8	278	1
9	278	0
12	278	0
13	278	0
26	278	1
0	279	1
3	279	0
4	279	1
6	279	1
25	279	0
7	279	1
10	279	1
11	279	0
17	279	1
18	279	0
0	280	0
7	280	0
8	280	0
11	280	1
12	280	0
13	280	0
26	280	0
15	280	0
28	280	0
51	280	1
0	281	0
22	281	0
8	281	1
10	281	0
23	281	0
13	281	0
26	281	0
29	281	0
18	281	0
53	281	1
0	282	1
5	282	1
6	282	1
7	282	1
8	282	1
9	282	1
23	282	1
26	282	0
17	282	1
19	282	0
1	283	1
2	283	1
3	283	1
7	283	1
8	283	1
23	283	1
11	283	1
13	283	0
27	283	1
32	283	1
0	284	1
3	284	1
5	284	0
9	284	0
11	284	1
12	284	0
13	284	0
26	284	0
16	284	0
19	284	1
0	285	1
1	285	1
2	285	1
3	285	1
4	285	1
6	285	0
22	285	0
7	285	1
9	285	1
26	285	0
2	286	0
5	286	0
6	286	0
7	286	0
8	286	0
11	286	1
16	286	0
18	286	0
19	286	1
58	286	0
0	287	0
21	287	0
25	287	0
7	287	0
9	287	1
12	287	1
13	287	0
14	287	0
18	287	0
38	287	1
1	288	0
2	288	0
3	288	0
5	288	0
7	288	0
9	288	0
11	288	1
12	288	0
13	288	0
16	288	0
2	289	0
3	289	1
6	289	0
8	289	0
12	289	0
13	289	0
26	289	1
19	289	1
48	289	0
55	289	0
0	290	0
20	290	1
2	290	1
5	290	0
6	290	0
25	290	0
9	290	1
10	290	1
12	290	0
14	290	0
0	291	0
1	291	0
2	291	0
3	291	1
6	291	0
8	291	0
9	291	0
11	291	1
16	291	0
18	291	0
1	292	1
20	292	1
2	292	0
3	292	0
4	292	1
21	292	1
8	292	1
10	292	1
23	292	1
11	292	1
20	293	1
2	293	0
5	293	1
8	293	1
23	293	1
11	293	1
13	293	1
14	293	1
26	293	1
15	293	0
0	294	1
1	294	1
3	294	1
5	294	1
6	294	0
9	294	1
23	294	1
13	294	0
26	294	0
32	294	1
2	295	1
3	295	1
6	295	1
7	295	1
8	295	1
9	295	1
23	295	1
12	295	1
13	295	1
27	295	1
4	296	0
25	296	1
9	296	0
10	296	1
23	296	0
11	296	1
12	296	0
14	296	0
26	296	1
18	296	0
0	297	1
1	297	1
2	297	1
3	297	1
21	297	0
6	297	1
9	297	1
15	297	0
18	297	0
58	297	1
2	298	0
21	298	1
6	298	0
8	298	0
10	298	0
11	298	1
12	298	0
13	298	0
16	298	0
29	298	0
1	299	0
20	299	1
2	299	0
3	299	0
5	299	0
7	299	0
8	299	0
9	299	0
26	299	1
44	299	0
20	300	1
2	300	0
3	300	0
5	300	0
21	300	1
6	300	0
7	300	0
10	300	0
18	300	0
28	300	0
2	301	0
25	301	1
7	301	0
8	301	0
9	301	0
11	301	1
13	301	0
29	301	0
18	301	0
49	301	0
20	302	1
5	302	0
21	302	1
6	302	0
8	302	0
9	302	0
12	302	1
14	302	1
15	302	1
38	302	0
3	303	0
4	303	0
5	303	0
8	303	0
11	303	1
12	303	1
13	303	0
15	303	0
32	303	0
30	303	0
8	304	1
9	304	0
10	304	0
23	304	1
12	304	0
13	304	1
26	304	1
16	304	1
18	304	0
24	304	0
2	305	0
6	305	0
7	305	0
9	305	0
11	305	1
12	305	0
13	305	0
26	305	1
16	305	0
31	305	0
2	306	1
3	306	0
4	306	0
25	306	1
7	306	0
8	306	0
11	306	1
26	306	1
17	306	0
18	306	0
0	307	0
2	307	1
5	307	0
22	307	1
9	307	1
23	307	1
12	307	0
15	307	1
27	307	1
42	307	0
20	308	1
2	308	0
3	308	0
5	308	0
23	308	0
11	308	1
12	308	0
13	308	0
31	308	0
32	308	0
0	309	0
2	309	1
3	309	0
6	309	0
10	309	1
11	309	0
16	309	1
18	309	1
27	309	1
19	309	0
0	310	1
20	310	0
3	310	0
7	310	0
8	310	1
12	310	1
13	310	1
16	310	0
29	310	1
18	310	1
0	311	0
20	311	1
3	311	0
6	311	0
8	311	1
9	311	0
26	311	1
29	311	0
17	311	0
51	311	1
2	312	1
3	312	1
6	312	0
7	312	1
8	312	0
11	312	1
12	312	1
13	312	0
14	312	0
27	312	0
0	313	1
20	313	0
2	313	1
6	313	0
8	313	1
10	313	1
23	313	1
13	313	0
29	313	0
18	313	1
3	314	0
4	314	1
5	314	0
8	314	0
9	314	0
11	314	1
26	314	1
15	314	0
16	314	0
18	314	0
0	315	1
1	315	1
20	315	1
2	315	1
6	315	1
8	315	0
11	315	1
12	315	0
15	315	1
31	315	1
20	316	0
7	316	0
9	316	1
10	316	0
23	316	1
13	316	0
26	316	1
16	316	0
18	316	0
27	316	0
2	317	1
3	317	0
7	317	1
8	317	1
9	317	1
11	317	0
12	317	1
13	317	1
15	317	1
19	317	0
0	318	0
2	318	0
3	318	0
21	318	1
22	318	1
8	318	1
12	318	1
18	318	0
31	318	0
44	318	0
0	319	1
2	319	0
5	319	0
6	319	0
8	319	1
9	319	0
23	319	0
11	319	1
13	319	0
27	319	1
0	320	1
3	320	0
5	320	1
25	320	0
7	320	0
11	320	1
14	320	1
16	320	1
18	320	1
27	320	1
2	321	1
3	321	0
5	321	0
6	321	0
9	321	0
11	321	1
13	321	0
26	321	1
29	321	0
27	321	0
1	322	1
5	322	1
6	322	0
22	322	1
7	322	0
9	322	0
10	322	0
23	322	1
11	322	1
16	322	0
0	323	0
1	323	0
2	323	0
25	323	1
7	323	0
8	323	0
23	323	0
11	323	1
12	323	1
19	323	1
8	324	0
9	324	0
12	324	0
13	324	0
14	324	0
15	324	0
17	324	0
18	324	0
31	324	0
19	324	1
3	325	1
5	325	1
22	325	1
25	325	1
8	325	1
9	325	1
12	325	1
13	325	0
18	325	0
31	325	1
0	326	1
2	326	0
6	326	0
8	326	1
9	326	0
23	326	0
11	326	1
16	326	0
27	326	1
62	326	0
1	327	0
2	327	0
3	327	0
6	327	0
22	327	1
23	327	0
12	327	0
13	327	0
17	327	0
18	327	0
2	328	1
4	328	0
6	328	0
25	328	0
7	328	0
10	328	1
14	328	0
26	328	1
16	328	0
24	328	0
0	329	0
1	329	0
2	329	1
9	329	0
10	329	0
11	329	1
15	329	0
17	329	0
18	329	0
27	329	0
1	330	0
4	330	1
6	330	0
22	330	0
7	330	1
8	330	1
10	330	0
13	330	0
26	330	1
15	330	0
20	331	1
2	331	1
6	331	0
11	331	1
12	331	1
13	331	1
14	331	1
16	331	1
29	331	0
31	331	1
0	332	0
2	332	0
4	332	0
5	332	0
7	332	0
9	332	0
11	332	1
32	332	0
19	332	1
51	332	0
0	333	1
20	333	1
3	333	0
6	333	1
8	333	1
9	333	0
11	333	0
12	333	1
13	333	0
26	333	0
0	334	0
5	334	0
22	334	1
7	334	0
9	334	0
11	334	1
12	334	0
13	334	0
16	334	0
18	334	0
2	335	0
3	335	1
21	335	1
6	335	0
22	335	1
8	335	1
10	335	0
12	335	0
13	335	1
26	335	0
1	336	0
3	336	1
4	336	0
5	336	0
6	336	0
7	336	0
8	336	0
12	336	1
14	336	0
32	336	0
0	337	0
2	337	1
7	337	0
9	337	0
23	337	0
11	337	1
16	337	0
18	337	0
19	337	1
28	337	0
0	338	0
1	338	0
2	338	1
5	338	0
7	338	0
8	338	1
23	338	0
11	338	1
18	338	0
19	338	1
0	339	1
1	339	1
2	339	1
3	339	1
22	339	0
8	339	1
13	339	1
14	339	1
16	339	1
29	339	1
0	340	1
3	340	1
4	340	1
6	340	1
11	340	1
12	340	0
13	340	0
26	340	0
18	340	1
38	340	0
0	341	1
5	341	0
6	341	0
7	341	1
12	341	0
14	341	1
16	341	1
32	341	1
45	341	1
36	341	1
0	342	1
3	342	1
5	342	0
6	342	1
8	342	1
9	342	1
10	342	0
23	342	0
11	342	1
12	342	0
4	343	1
22	343	0
25	343	0
7	343	1
10	343	0
23	343	1
12	343	1
13	343	1
14	343	1
18	343	1
0	344	0
2	344	0
5	344	0
6	344	0
9	344	0
11	344	1
13	344	0
14	344	0
29	344	0
17	344	0
0	345	0
2	345	0
3	345	1
4	345	0
5	345	0
6	345	0
7	345	0
12	345	1
16	345	0
17	345	0
0	346	0
20	346	1
2	346	0
3	346	0
5	346	1
22	346	0
7	346	0
8	346	0
9	346	1
13	346	1
0	347	1
3	347	1
6	347	0
22	347	0
8	347	1
10	347	0
13	347	1
14	347	0
26	347	1
18	347	0
1	348	1
20	348	1
7	348	0
9	348	0
10	348	0
23	348	0
13	348	1
15	348	0
18	348	0
53	348	0
1	349	1
2	349	1
3	349	1
5	349	1
6	349	0
9	349	0
23	349	0
15	349	0
16	349	0
18	349	0
20	350	1
2	350	1
3	350	1
6	350	0
7	350	0
8	350	1
9	350	0
10	350	0
14	350	0
16	350	0
0	351	1
4	351	0
5	351	0
9	351	0
10	351	0
11	351	1
12	351	0
14	351	0
16	351	0
19	351	1
0	352	1
3	352	1
5	352	1
25	352	0
7	352	1
12	352	0
13	352	1
14	352	0
26	352	0
32	352	1
0	353	0
2	353	0
22	353	1
7	353	0
8	353	0
9	353	0
10	353	0
23	353	0
12	353	0
31	353	0
2	354	0
4	354	0
5	354	0
6	354	0
9	354	0
23	354	0
11	354	1
12	354	0
19	354	1
42	354	0
0	355	1
2	355	1
3	355	0
5	355	1
7	355	1
8	355	1
9	355	1
13	355	1
15	355	1
44	355	0
1	356	1
2	356	1
4	356	1
6	356	1
7	356	1
10	356	1
12	356	1
13	356	1
26	356	1
18	356	1
0	357	0
2	357	0
3	357	1
4	357	0
12	357	0
13	357	0
16	357	0
18	357	0
31	357	0
32	357	0
0	358	1
20	358	1
5	358	1
25	358	0
7	358	0
8	358	0
9	358	1
13	358	1
29	358	1
32	358	1
3	359	0
4	359	1
7	359	0
8	359	1
9	359	1
11	359	1
14	359	1
26	359	1
16	359	0
51	359	1
3	360	1
5	360	0
22	360	1
25	360	0
7	360	1
8	360	1
9	360	0
10	360	1
15	360	0
18	360	1
0	361	1
3	361	1
21	361	0
22	361	0
25	361	0
7	361	1
9	361	1
10	361	1
11	361	1
13	361	1
0	362	1
2	362	1
21	362	0
25	362	0
7	362	1
8	362	1
26	362	0
16	362	0
18	362	1
31	362	1
2	363	0
3	363	1
4	363	0
7	363	0
8	363	0
23	363	0
14	363	0
18	363	0
32	363	1
44	363	0
0	364	0
3	364	0
22	364	1
8	364	0
12	364	1
16	364	0
17	364	0
18	364	0
19	364	1
41	364	0
0	365	0
3	365	1
25	365	0
7	365	0
8	365	0
10	365	0
18	365	0
27	365	0
19	365	1
58	365	0
0	366	1
2	366	1
3	366	0
4	366	1
6	366	1
9	366	0
10	366	0
13	366	1
27	366	1
34	366	0
2	367	0
5	367	0
6	367	1
22	367	1
7	367	0
11	367	1
12	367	0
13	367	0
18	367	1
19	367	1
3	368	1
6	368	0
25	368	0
8	368	0
9	368	0
23	368	0
12	368	0
14	368	0
18	368	0
27	368	0
6	369	0
22	369	1
7	369	0
11	369	1
12	369	1
13	369	0
14	369	0
27	369	0
19	369	1
55	369	0
1	370	1
20	370	1
2	370	1
6	370	1
7	370	1
9	370	1
10	370	0
11	370	1
12	370	1
26	370	0
3	371	0
5	371	0
7	371	0
9	371	0
23	371	0
12	371	0
13	371	0
29	371	0
18	371	0
44	371	0
0	372	1
2	372	1
3	372	0
7	372	1
8	372	1
13	372	1
14	372	1
16	372	1
29	372	1
24	372	1
2	373	1
4	373	1
6	373	0
7	373	1
8	373	1
12	373	1
15	373	0
29	373	1
45	373	0
55	373	0
0	374	0
1	374	0
3	374	0
21	374	0
6	374	0
25	374	0
8	374	1
10	374	0
23	374	0
12	374	0
0	375	0
20	375	1
2	375	0
5	375	0
6	375	0
8	375	1
23	375	0
12	375	1
13	375	1
18	375	1
0	376	0
20	376	0
2	376	0
4	376	0
6	376	0
7	376	0
10	376	0
26	376	1
29	376	0
18	376	0
20	377	1
3	377	0
5	377	0
6	377	0
25	377	0
8	377	0
10	377	0
23	377	0
12	377	1
15	377	0
0	378	0
20	378	0
3	378	1
5	378	0
8	378	0
9	378	0
10	378	0
11	378	1
12	378	0
19	378	1
0	379	1
2	379	1
5	379	1
21	379	0
7	379	1
8	379	1
16	379	1
17	379	1
18	379	1
32	379	1
0	380	1
20	380	0
2	380	1
5	380	1
6	380	1
8	380	1
9	380	1
16	380	0
29	380	1
27	380	1
20	381	1
2	381	1
5	381	0
7	381	1
9	381	0
12	381	0
14	381	0
15	381	1
16	381	0
19	381	1
3	382	0
5	382	0
8	382	0
9	382	0
13	382	0
16	382	0
29	382	0
31	382	0
32	382	0
19	382	1
20	383	0
5	383	0
6	383	0
9	383	0
10	383	0
23	383	0
11	383	1
12	383	1
13	383	0
19	383	1
0	384	1
2	384	1
4	384	1
5	384	0
6	384	0
7	384	1
10	384	0
13	384	1
14	384	1
17	384	1
2	385	0
3	385	0
4	385	0
22	385	1
8	385	0
9	385	0
11	385	1
13	385	0
18	385	0
19	385	1
0	386	0
6	386	0
25	386	1
7	386	0
8	386	1
13	386	1
14	386	1
15	386	0
16	386	1
18	386	0
3	387	0
5	387	0
22	387	1
7	387	0
12	387	0
26	387	1
18	387	0
19	387	1
44	387	0
49	387	0
0	388	0
2	388	0
6	388	0
9	388	0
10	388	0
12	388	0
13	388	0
26	388	1
27	388	0
32	388	0
0	389	0
2	389	0
4	389	1
7	389	0
8	389	0
9	389	0
12	389	1
13	389	0
26	389	1
15	389	0
0	390	0
20	390	1
4	390	1
6	390	0
22	390	1
25	390	1
7	390	0
9	390	0
10	390	0
13	390	0
6	391	1
22	391	0
25	391	0
7	391	1
8	391	1
9	391	1
23	391	1
11	391	0
18	391	1
27	391	1
1	392	1
20	392	1
2	392	0
5	392	0
6	392	0
25	392	1
9	392	0
12	392	1
16	392	0
18	392	0
0	393	0
2	393	0
3	393	0
21	393	1
7	393	0
8	393	1
11	393	1
14	393	0
16	393	0
32	393	0
20	394	1
4	394	1
7	394	1
8	394	1
9	394	1
11	394	0
16	394	1
18	394	1
19	394	0
42	394	1
1	395	0
6	395	0
22	395	1
9	395	0
10	395	0
12	395	1
13	395	0
29	395	0
18	395	0
28	395	1
1	396	1
2	396	1
3	396	1
25	396	0
8	396	1
9	396	1
10	396	0
11	396	0
18	396	1
31	396	1
0	397	0
2	397	0
3	397	1
5	397	0
7	397	0
8	397	0
9	397	0
12	397	1
26	397	0
16	397	0
0	398	0
20	398	0
5	398	0
6	398	0
8	398	0
10	398	0
13	398	0
26	398	1
16	398	0
44	398	0
0	399	0
2	399	1
4	399	0
5	399	0
6	399	0
22	399	1
9	399	0
10	399	0
11	399	1
12	399	1
4	400	1
22	400	0
25	400	0
8	400	0
9	400	1
12	400	1
26	400	1
15	400	0
29	400	1
18	400	0
2	401	0
21	401	1
7	401	0
9	401	0
10	401	0
11	401	1
12	401	1
15	401	1
16	401	0
18	401	0
0	402	0
7	402	0
8	402	1
9	402	0
12	402	1
13	402	0
29	402	0
18	402	0
32	402	0
44	402	0
0	403	0
1	403	0
3	403	1
7	403	0
9	403	0
11	403	1
12	403	0
15	403	0
19	403	1
56	403	0
0	404	0
2	404	0
5	404	0
6	404	0
8	404	0
10	404	0
11	404	1
12	404	1
13	404	1
18	404	0
0	405	0
2	405	0
3	405	1
4	405	1
5	405	0
8	405	1
9	405	1
11	405	1
14	405	0
18	405	0
20	406	0
3	406	0
21	406	1
22	406	1
9	406	0
10	406	1
23	406	0
11	406	1
12	406	0
13	406	0
0	407	0
1	407	0
8	407	0
10	407	0
12	407	0
13	407	0
14	407	0
15	407	0
18	407	0
19	407	1
1	408	1
3	408	1
22	408	0
7	408	0
10	408	0
23	408	0
14	408	0
16	408	0
18	408	1
32	408	1
0	409	1
2	409	1
3	409	1
9	409	1
10	409	1
23	409	1
11	409	1
17	409	1
18	409	0
32	409	1
8	410	0
9	410	0
12	410	1
13	410	0
14	410	0
18	410	0
27	410	0
31	410	0
19	410	1
24	410	0
2	411	1
21	411	0
6	411	0
7	411	0
8	411	1
10	411	0
23	411	0
11	411	1
12	411	1
13	411	0
1	412	0
3	412	0
4	412	1
5	412	0
6	412	0
22	412	1
8	412	1
23	412	0
11	412	1
17	412	0
20	413	1
3	413	1
4	413	1
5	413	1
6	413	0
9	413	0
26	413	0
15	413	1
17	413	0
68	413	1
2	414	1
3	414	1
7	414	0
9	414	0
23	414	0
12	414	0
13	414	0
26	414	0
16	414	0
17	414	0
0	415	0
1	415	1
2	415	1
3	415	1
7	415	0
10	415	0
16	415	0
29	415	1
18	415	1
34	415	1
0	416	1
3	416	0
5	416	0
21	416	0
22	416	0
7	416	0
8	416	1
14	416	1
15	416	0
28	416	0
6	417	0
25	417	1
7	417	0
9	417	0
11	417	1
12	417	1
26	417	1
18	417	0
32	417	0
19	417	1
0	418	0
1	418	0
2	418	0
3	418	1
6	418	0
25	418	1
8	418	0
9	418	0
29	418	0
19	418	1
4	419	0
5	419	1
6	419	0
22	419	1
8	419	1
10	419	0
11	419	1
13	419	0
15	419	0
16	419	0
0	420	0
6	420	0
25	420	1
7	420	1
23	420	1
11	420	1
12	420	1
13	420	0
24	420	0
54	420	0
2	421	0
4	421	0
22	421	1
9	421	0
10	421	1
23	421	0
15	421	1
16	421	0
27	421	1
32	421	0
2	422	1
3	422	1
5	422	1
6	422	1
7	422	1
10	422	1
11	422	1
12	422	1
15	422	1
50	422	1
0	423	0
2	423	0
7	423	0
8	423	0
10	423	1
11	423	1
13	423	0
31	423	0
19	423	1
44	423	0
0	424	1
20	424	1
3	424	0
4	424	0
8	424	1
10	424	1
13	424	1
18	424	1
32	424	0
52	424	0
2	425	0
3	425	0
7	425	1
9	425	0
10	425	0
23	425	1
11	425	1
12	425	1
16	425	0
29	425	0
2	426	0
6	426	0
7	426	0
13	426	0
14	426	0
26	426	1
16	426	0
18	426	0
19	426	1
44	426	0
2	427	0
3	427	1
4	427	0
5	427	0
8	427	0
10	427	0
23	427	0
11	427	1
12	427	0
19	427	1
0	428	1
20	428	1
22	428	0
9	428	1
10	428	0
23	428	0
12	428	0
14	428	1
16	428	1
31	428	1
0	429	1
6	429	1
8	429	1
9	429	1
12	429	0
13	429	1
14	429	1
29	429	1
31	429	1
55	429	1
3	430	0
6	430	0
22	430	1
7	430	0
8	430	1
9	430	1
11	430	1
12	430	1
16	430	0
29	430	1
2	431	0
5	431	0
6	431	0
22	431	1
25	431	1
7	431	0
9	431	0
23	431	0
11	431	1
13	431	0
0	432	0
20	432	0
2	432	1
5	432	0
7	432	0
9	432	1
23	432	0
11	432	1
12	432	1
19	432	1
0	433	0
1	433	0
2	433	1
3	433	0
7	433	0
9	433	1
23	433	0
13	433	0
32	433	1
19	433	1
0	434	0
2	434	0
3	434	0
5	434	0
10	434	0
13	434	0
26	434	1
16	434	0
29	434	0
18	434	0
6	435	0
9	435	0
10	435	0
12	435	0
14	435	0
26	435	1
16	435	1
18	435	0
27	435	0
31	435	0
3	436	1
4	436	1
5	436	0
6	436	1
9	436	1
11	436	1
15	436	0
29	436	0
18	436	0
19	436	1
1	437	0
20	437	1
5	437	1
22	437	1
8	437	1
10	437	0
23	437	0
12	437	0
17	437	0
28	437	0
20	438	1
2	438	1
3	438	1
4	438	0
5	438	1
25	438	1
10	438	0
13	438	0
15	438	0
16	438	0
0	439	0
3	439	1
6	439	0
9	439	0
11	439	1
12	439	0
15	439	1
16	439	1
29	439	0
18	439	0
2	440	1
3	440	0
4	440	1
5	440	1
6	440	1
22	440	0
25	440	1
7	440	1
8	440	1
9	440	1
0	441	0
20	441	0
2	441	0
25	441	1
7	441	0
11	441	1
12	441	1
13	441	0
29	441	0
18	441	0
0	442	1
4	442	0
22	442	1
7	442	0
10	442	0
23	442	0
12	442	0
13	442	0
15	442	0
16	442	0
0	443	0
3	443	1
21	443	1
25	443	1
7	443	0
9	443	0
23	443	0
14	443	0
18	443	0
55	443	1
3	444	1
4	444	0
21	444	0
7	444	0
23	444	1
11	444	1
13	444	1
15	444	1
16	444	0
18	444	0
1	445	0
4	445	0
6	445	0
22	445	1
7	445	0
8	445	1
10	445	1
13	445	0
19	445	1
48	445	0
0	446	1
2	446	1
7	446	0
9	446	1
11	446	1
12	446	0
14	446	0
16	446	0
18	446	1
54	446	0
0	447	0
2	447	0
8	447	0
14	447	0
15	447	0
16	447	0
29	447	0
31	447	0
32	447	0
33	447	0
0	448	0
4	448	0
5	448	0
6	448	0
22	448	1
9	448	0
23	448	0
11	448	1
13	448	0
15	448	0
2	449	1
3	449	1
5	449	1
21	449	0
6	449	0
9	449	1
23	449	0
11	449	1
15	449	0
28	449	0
0	450	0
2	450	0
6	450	0
8	450	1
9	450	0
13	450	0
14	450	0
15	450	1
18	450	0
27	450	1
0	451	1
3	451	1
25	451	1
8	451	1
23	451	0
11	451	1
12	451	1
16	451	0
18	451	0
48	451	1
0	452	1
20	452	0
2	452	0
21	452	1
8	452	0
10	452	0
11	452	1
12	452	0
13	452	0
27	452	0
0	453	0
3	453	0
5	453	1
21	453	0
25	453	0
7	453	0
11	453	1
14	453	1
15	453	1
18	453	0
20	454	0
2	454	1
3	454	0
7	454	1
8	454	1
10	454	1
11	454	0
14	454	1
29	454	1
19	454	0
0	455	0
2	455	0
3	455	0
21	455	1
6	455	0
8	455	0
9	455	0
12	455	1
13	455	0
16	455	0
0	456	0
2	456	0
3	456	1
6	456	0
22	456	1
7	456	0
11	456	1
12	456	0
29	456	1
19	456	1
0	457	0
4	457	0
22	457	1
25	457	1
7	457	0
8	457	1
23	457	0
11	457	1
26	457	0
16	457	0
0	458	1
2	458	0
4	458	1
22	458	0
7	458	0
10	458	0
23	458	1
12	458	0
13	458	1
18	458	0
0	459	0
2	459	0
3	459	0
6	459	0
11	459	1
12	459	0
13	459	0
16	459	0
18	459	0
31	459	0
1	460	1
20	460	0
3	460	0
6	460	0
7	460	0
9	460	0
26	460	1
16	460	0
32	460	0
19	460	1
2	461	1
4	461	1
5	461	1
6	461	1
22	461	1
8	461	0
23	461	0
12	461	1
13	461	0
18	461	1
0	462	0
1	462	0
20	462	1
9	462	1
10	462	0
11	462	1
12	462	0
14	462	1
29	462	0
42	462	1
0	463	1
3	463	0
9	463	1
10	463	1
23	463	1
12	463	0
13	463	1
26	463	1
29	463	1
31	463	1
2	464	1
5	464	1
6	464	1
22	464	0
7	464	1
9	464	1
10	464	0
23	464	1
12	464	0
29	464	1
0	465	0
3	465	0
4	465	0
6	465	0
7	465	0
8	465	0
23	465	0
11	465	1
26	465	1
27	465	0
0	466	1
2	466	1
5	466	0
6	466	0
8	466	1
13	466	0
15	466	0
29	466	1
17	466	0
32	466	1
1	467	0
2	467	0
4	467	0
6	467	0
25	467	0
7	467	0
9	467	0
12	467	1
26	467	1
48	467	0
0	468	0
4	468	0
6	468	0
7	468	0
8	468	0
12	468	0
13	468	0
14	468	0
16	468	0
17	468	0
0	469	0
3	469	0
21	469	1
7	469	0
9	469	0
10	469	0
12	469	0
16	469	0
31	469	0
32	469	0
0	470	1
2	470	1
25	470	0
7	470	0
8	470	1
9	470	1
13	470	0
26	470	1
16	470	0
67	470	1
0	471	0
20	471	1
2	471	0
3	471	1
4	471	0
21	471	0
22	471	1
9	471	1
12	471	0
37	471	0
0	472	0
2	472	0
3	472	0
25	472	1
9	472	0
12	472	1
13	472	0
18	472	0
31	472	0
19	472	1
0	473	0
2	473	1
3	473	1
4	473	0
7	473	0
12	473	0
26	473	0
15	473	0
29	473	0
65	473	0
0	474	1
1	474	1
2	474	1
3	474	1
6	474	1
7	474	0
9	474	1
17	474	1
32	474	1
51	474	1
6	475	0
9	475	0
10	475	0
23	475	0
11	475	1
12	475	0
13	475	1
16	475	1
27	475	1
55	475	0
20	476	0
2	476	0
3	476	0
5	476	0
22	476	1
7	476	0
8	476	0
12	476	1
31	476	0
19	476	1
3	477	0
4	477	0
21	477	1
7	477	0
10	477	0
13	477	0
14	477	0
15	477	0
18	477	0
27	477	0
0	478	1
3	478	1
5	478	1
21	478	0
9	478	0
23	478	1
11	478	1
12	478	0
15	478	0
28	478	0
20	479	0
2	479	1
3	479	1
22	479	1
8	479	0
10	479	1
23	479	0
12	479	0
17	479	0
19	479	1
0	480	1
20	480	1
2	480	1
4	480	1
6	480	1
25	480	0
11	480	1
12	480	1
18	480	1
56	480	1
0	481	0
20	481	0
5	481	0
21	481	0
6	481	0
11	481	1
13	481	0
26	481	1
31	481	0
44	481	0
2	482	1
3	482	0
6	482	0
8	482	1
9	482	1
13	482	1
15	482	0
29	482	1
17	482	1
18	482	1
2	483	1
22	483	0
7	483	1
8	483	1
23	483	1
11	483	1
12	483	1
13	483	1
16	483	1
18	483	1
0	484	0
2	484	0
4	484	0
5	484	0
7	484	0
8	484	0
9	484	0
18	484	0
19	484	1
51	484	1
1	485	1
20	485	1
5	485	1
6	485	1
8	485	1
10	485	1
11	485	1
15	485	0
16	485	1
28	485	1
1	486	0
3	486	0
5	486	0
7	486	0
8	486	0
10	486	0
15	486	0
27	486	0
44	486	0
48	486	0
20	487	1
2	487	1
3	487	0
4	487	1
6	487	0
8	487	0
11	487	1
12	487	1
15	487	0
27	487	0
0	488	1
20	488	0
2	488	0
5	488	0
6	488	0
7	488	0
9	488	1
11	488	1
12	488	0
15	488	0
2	489	0
5	489	0
6	489	0
22	489	0
7	489	0
8	489	1
9	489	1
10	489	1
11	489	0
18	489	0
0	490	0
3	490	0
4	490	0
6	490	0
8	490	1
11	490	1
13	490	0
26	490	1
18	490	0
44	490	0
3	491	1
4	491	1
6	491	1
7	491	1
8	491	1
11	491	0
13	491	1
29	491	1
31	491	1
35	491	0
1	492	0
2	492	1
25	492	1
7	492	1
9	492	0
11	492	1
12	492	1
15	492	0
16	492	0
29	492	0
1	493	0
25	493	1
7	493	0
8	493	1
9	493	0
10	493	0
11	493	1
12	493	1
13	493	0
32	493	0
3	494	0
4	494	0
8	494	0
12	494	0
13	494	0
14	494	1
18	494	0
27	494	0
31	494	0
44	494	0
20	495	1
4	495	1
5	495	1
22	495	0
7	495	1
8	495	1
9	495	1
23	495	1
12	495	1
26	495	0
0	496	0
4	496	0
6	496	0
22	496	1
7	496	0
8	496	0
12	496	0
13	496	1
15	496	0
18	496	1
0	497	0
6	497	0
22	497	1
9	497	0
10	497	1
11	497	1
13	497	0
26	497	0
16	497	0
27	497	0
0	498	0
2	498	0
4	498	0
21	498	1
6	498	0
8	498	1
9	498	0
16	498	0
17	498	0
18	498	0
2	499	1
3	499	0
22	499	1
7	499	1
9	499	0
10	499	1
11	499	1
13	499	1
15	499	0
18	499	0
0	500	0
20	500	1
2	500	0
4	500	1
6	500	0
7	500	0
12	500	0
13	500	1
16	500	0
18	500	0
0	501	0
2	501	0
3	501	1
4	501	1
5	501	0
22	501	0
8	501	1
12	501	0
15	501	0
17	501	0
0	502	0
2	502	0
4	502	1
5	502	0
6	502	0
8	502	0
14	502	1
29	502	0
18	502	0
43	502	0
0	503	0
4	503	0
21	503	1
6	503	0
7	503	0
12	503	1
14	503	0
26	503	1
32	503	0
19	503	1
0	504	0
1	504	1
2	504	1
3	504	0
21	504	1
6	504	0
22	504	1
8	504	1
10	504	0
11	504	1
0	505	0
2	505	1
6	505	0
25	505	1
7	505	0
8	505	1
11	505	1
12	505	0
13	505	0
16	505	0
1	506	0
21	506	0
6	506	1
9	506	1
10	506	0
11	506	1
12	506	0
13	506	1
15	506	1
18	506	1
2	507	0
3	507	1
4	507	0
5	507	0
21	507	1
22	507	1
25	507	1
7	507	0
11	507	1
12	507	1
3	508	1
6	508	0
25	508	0
8	508	1
9	508	1
10	508	1
11	508	0
16	508	1
27	508	1
31	508	1
0	509	0
2	509	0
3	509	1
5	509	0
9	509	0
12	509	0
14	509	0
26	509	1
18	509	0
38	509	0
2	510	1
3	510	1
5	510	1
21	510	0
22	510	0
7	510	1
23	510	1
12	510	1
14	510	1
31	510	1
4	511	0
21	511	1
6	511	0
7	511	0
9	511	0
11	511	1
12	511	1
13	511	0
18	511	0
44	511	0
0	512	0
2	512	0
3	512	0
5	512	0
6	512	0
8	512	1
10	512	0
13	512	0
26	512	1
18	512	0
0	513	1
20	513	1
2	513	1
3	513	1
6	513	1
22	513	0
7	513	1
9	513	1
23	513	1
15	513	1
0	514	0
2	514	1
3	514	0
5	514	0
25	514	1
7	514	0
9	514	1
12	514	1
26	514	1
18	514	1
0	515	1
20	515	1
2	515	1
3	515	1
5	515	1
25	515	0
10	515	1
11	515	0
13	515	1
26	515	1
1	516	1
2	516	1
3	516	1
9	516	1
10	516	1
23	516	0
14	516	1
31	516	1
32	516	1
19	516	0
0	517	0
3	517	1
6	517	0
7	517	0
8	517	1
9	517	0
23	517	0
11	517	1
15	517	0
41	517	0
0	518	1
20	518	1
2	518	1
3	518	1
5	518	1
8	518	1
10	518	0
23	518	1
16	518	1
29	518	1
0	519	0
1	519	0
3	519	0
4	519	1
22	519	0
11	519	1
12	519	0
13	519	1
14	519	1
16	519	1
1	520	1
2	520	1
5	520	1
21	520	0
25	520	0
8	520	1
9	520	1
10	520	1
12	520	1
17	520	1
0	521	0
20	521	1
3	521	0
6	521	0
7	521	0
15	521	0
16	521	1
29	521	1
17	521	0
18	521	0
0	522	0
2	522	0
3	522	0
7	522	0
8	522	0
9	522	0
12	522	0
13	522	0
29	522	0
19	522	1
20	523	1
3	523	0
6	523	0
25	523	1
7	523	0
8	523	1
12	523	1
13	523	0
14	523	0
27	523	0
2	524	0
4	524	0
5	524	0
11	524	1
12	524	1
13	524	0
26	524	1
18	524	0
44	524	0
55	524	0
0	525	0
2	525	0
5	525	0
25	525	1
10	525	0
23	525	0
12	525	0
16	525	0
18	525	0
19	525	1
0	526	0
2	526	0
3	526	0
21	526	1
7	526	0
8	526	0
11	526	1
13	526	0
27	526	0
31	526	0
1	527	0
3	527	1
7	527	0
8	527	1
9	527	0
23	527	0
11	527	1
13	527	0
31	527	0
55	527	0
0	528	0
2	528	1
4	528	0
5	528	0
7	528	0
8	528	0
10	528	0
12	528	1
18	528	0
27	528	0
25	529	0
7	529	0
8	529	1
9	529	1
11	529	1
12	529	1
13	529	1
26	529	1
15	529	0
16	529	1
0	530	0
1	530	1
3	530	1
21	530	1
22	530	0
9	530	0
10	530	0
23	530	0
13	530	0
18	530	1
0	531	0
2	531	0
3	531	0
4	531	0
5	531	0
6	531	0
25	531	1
8	531	0
9	531	0
26	531	1
20	532	1
2	532	1
3	532	0
5	532	0
6	532	1
22	532	1
7	532	1
8	532	1
16	532	1
18	532	0
1	533	0
2	533	0
4	533	0
5	533	0
12	533	0
13	533	0
18	533	0
31	533	0
19	533	1
35	533	0
0	534	0
20	534	0
4	534	0
6	534	0
7	534	0
8	534	0
10	534	0
11	534	1
12	534	1
18	534	0
20	535	0
2	535	0
3	535	1
6	535	0
7	535	0
12	535	0
16	535	0
18	535	0
19	535	1
42	535	0
0	536	0
2	536	0
22	536	1
9	536	0
10	536	0
23	536	0
12	536	0
13	536	0
26	536	1
16	536	0
0	537	0
2	537	1
4	537	1
5	537	1
21	537	0
6	537	0
25	537	1
11	537	1
13	537	1
27	537	0
7	538	0
8	538	0
9	538	0
23	538	0
11	538	1
12	538	0
13	538	0
26	538	1
15	538	0
16	538	0
0	539	0
2	539	0
3	539	0
5	539	0
11	539	1
14	539	0
15	539	0
18	539	0
19	539	1
48	539	0
0	540	0
3	540	0
22	540	1
9	540	0
10	540	0
13	540	0
26	540	1
18	540	0
19	540	1
39	540	0
20	541	1
2	541	1
3	541	1
5	541	0
6	541	0
22	541	0
26	541	1
29	541	0
18	541	0
32	541	0
0	542	0
20	542	1
2	542	1
25	542	1
8	542	1
23	542	1
11	542	1
13	542	0
14	542	0
45	542	0
1	543	1
2	543	1
3	543	1
6	543	1
8	543	1
9	543	1
11	543	0
12	543	0
14	543	1
44	543	1
1	544	1
20	544	1
3	544	1
4	544	1
7	544	0
8	544	1
9	544	1
10	544	1
13	544	1
14	544	1
2	545	0
4	545	0
25	545	1
9	545	0
23	545	0
12	545	0
13	545	0
27	545	1
19	545	1
45	545	0
0	546	1
2	546	1
3	546	1
6	546	1
22	546	1
9	546	0
13	546	1
16	546	1
18	546	1
27	546	0
2	547	0
4	547	1
6	547	0
7	547	0
9	547	0
23	547	0
26	547	1
16	547	0
29	547	0
19	547	1
20	548	0
2	548	0
3	548	1
6	548	0
9	548	0
11	548	1
12	548	0
15	548	0
18	548	0
32	548	1
20	549	0
2	549	1
5	549	1
8	549	1
9	549	1
10	549	1
12	549	0
26	549	0
16	549	0
42	549	0
0	550	1
4	550	1
6	550	1
7	550	1
8	550	1
9	550	1
10	550	0
15	550	1
29	550	1
19	550	0
20	551	1
4	551	0
5	551	0
7	551	0
9	551	0
13	551	0
14	551	0
15	551	0
17	551	1
31	551	0
1	552	1
7	552	1
8	552	1
9	552	1
11	552	1
12	552	1
13	552	1
15	552	1
16	552	1
29	552	1
5	553	1
6	553	0
7	553	0
8	553	1
11	553	1
13	553	0
16	553	0
29	553	0
46	553	1
42	553	0
2	554	0
3	554	0
6	554	0
7	554	0
8	554	0
11	554	1
26	554	1
29	554	0
19	554	1
24	554	0
0	555	0
2	555	0
5	555	0
7	555	0
9	555	0
10	555	0
23	555	0
15	555	0
16	555	0
19	555	1
20	556	1
3	556	1
5	556	1
22	556	0
7	556	0
10	556	1
13	556	1
15	556	1
17	556	1
18	556	0
20	557	0
6	557	1
22	557	0
25	557	0
7	557	0
10	557	0
23	557	1
13	557	1
14	557	0
16	557	0
1	558	0
4	558	0
25	558	0
7	558	0
13	558	0
16	558	0
29	558	0
17	558	0
18	558	1
19	558	1
0	559	0
4	559	0
6	559	0
9	559	0
12	559	0
13	559	0
15	559	0
18	559	0
31	559	0
19	559	1
0	560	0
2	560	0
25	560	1
7	560	0
9	560	0
10	560	0
12	560	1
14	560	1
26	560	1
18	560	0
0	561	0
2	561	0
3	561	1
6	561	0
22	561	0
25	561	1
13	561	0
16	561	0
18	561	0
19	561	1
0	562	1
20	562	1
2	562	1
3	562	1
7	562	1
9	562	0
11	562	1
14	562	0
16	562	0
17	562	1
2	563	1
3	563	1
6	563	0
10	563	0
23	563	0
11	563	1
12	563	1
13	563	0
48	563	1
28	563	0
20	564	1
2	564	0
4	564	0
5	564	0
9	564	0
13	564	0
15	564	0
16	564	0
19	564	1
38	564	0
0	565	0
3	565	1
6	565	0
7	565	0
8	565	1
9	565	0
23	565	0
11	565	1
12	565	0
29	565	0
0	566	1
20	566	1
5	566	0
25	566	0
7	566	1
23	566	1
12	566	1
26	566	0
16	566	0
29	566	1
6	567	0
8	567	1
9	567	0
23	567	0
14	567	1
15	567	0
16	567	1
27	567	0
38	567	0
55	567	0
0	568	0
3	568	0
5	568	1
21	568	0
6	568	1
22	568	1
7	568	1
8	568	1
16	568	1
32	568	1
0	569	0
20	569	1
2	569	0
5	569	0
21	569	1
8	569	1
10	569	0
12	569	0
13	569	1
26	569	1
0	570	0
20	570	0
7	570	0
10	570	1
16	570	0
17	570	0
18	570	0
31	570	0
32	570	0
19	570	1
0	571	0
4	571	0
5	571	0
11	571	1
12	571	1
13	571	0
14	571	0
29	571	0
31	571	0
19	571	1
1	572	0
4	572	0
6	572	0
25	572	1
7	572	0
9	572	0
13	572	0
15	572	0
16	572	0
18	572	0
2	573	0
3	573	1
5	573	0
22	573	1
7	573	0
11	573	1
12	573	0
13	573	0
26	573	1
19	573	1
0	574	0
4	574	0
22	574	1
25	574	0
9	574	0
11	574	1
12	574	1
13	574	0
16	574	0
38	574	0
0	575	0
4	575	0
21	575	1
6	575	0
8	575	0
9	575	0
13	575	0
26	575	1
29	575	0
18	575	0
20	576	1
3	576	1
6	576	0
22	576	0
25	576	0
7	576	0
9	576	1
11	576	1
29	576	0
28	576	0
2	577	0
3	577	1
5	577	0
22	577	0
8	577	0
9	577	0
12	577	1
29	577	0
18	577	0
44	577	0
2	578	0
6	578	0
8	578	1
10	578	0
11	578	1
12	578	0
13	578	0
14	578	0
18	578	0
28	578	0
0	579	1
20	579	1
2	579	1
3	579	0
6	579	0
9	579	0
11	579	1
13	579	0
26	579	0
48	579	1
0	580	0
3	580	1
5	580	0
6	580	0
7	580	0
23	580	0
12	580	1
13	580	1
26	580	1
18	580	0
3	581	1
7	581	1
8	581	1
12	581	0
13	581	0
14	581	0
26	581	0
16	581	0
29	581	1
32	581	1
20	582	0
3	582	1
4	582	0
6	582	0
7	582	0
8	582	0
9	582	0
14	582	1
29	582	0
18	582	0
20	583	1
2	583	1
5	583	1
22	583	0
7	583	1
8	583	1
10	583	1
11	583	0
27	583	1
19	583	0
20	584	0
2	584	0
3	584	1
4	584	0
6	584	0
8	584	0
11	584	1
13	584	0
15	584	0
16	584	0
0	585	1
5	585	1
21	585	0
6	585	1
7	585	1
8	585	1
23	585	1
12	585	0
14	585	1
31	585	1
0	586	0
2	586	0
7	586	0
8	586	0
12	586	1
26	586	1
16	586	0
18	586	0
56	586	0
68	586	1
0	587	0
2	587	1
3	587	1
5	587	1
9	587	1
11	587	1
13	587	1
16	587	1
18	587	0
42	587	1
20	588	1
4	588	1
25	588	0
9	588	1
23	588	1
11	588	0
12	588	0
13	588	1
15	588	1
19	588	0
0	589	0
20	589	1
2	589	1
3	589	0
5	589	0
7	589	0
11	589	1
13	589	1
16	589	0
32	589	0
1	590	0
2	590	0
3	590	1
7	590	0
8	590	0
10	590	0
26	590	1
18	590	0
19	590	1
55	590	0
0	591	0
6	591	0
25	591	0
9	591	1
10	591	0
11	591	1
26	591	1
16	591	1
32	591	0
28	591	0
0	592	0
2	592	1
3	592	0
6	592	1
10	592	0
23	592	0
11	592	1
12	592	1
14	592	0
15	592	0
2	593	0
3	593	0
25	593	1
7	593	0
10	593	0
12	593	0
13	593	0
26	593	1
18	593	0
19	593	1
0	594	1
5	594	0
6	594	0
7	594	0
8	594	1
13	594	0
26	594	0
16	594	0
18	594	0
27	594	0
0	595	1
3	595	1
4	595	1
6	595	0
25	595	0
10	595	1
11	595	1
12	595	0
13	595	0
26	595	0
0	596	1
5	596	1
7	596	1
8	596	1
9	596	1
10	596	0
11	596	0
13	596	1
26	596	0
19	596	1
0	597	0
2	597	0
3	597	1
10	597	0
14	597	0
15	597	0
18	597	0
32	597	0
19	597	1
44	597	0
0	598	1
5	598	1
6	598	1
7	598	0
10	598	1
23	598	1
11	598	1
26	598	1
27	598	1
33	598	0
2	599	1
4	599	1
5	599	1
6	599	0
22	599	1
25	599	1
10	599	0
14	599	1
26	599	1
27	599	0