0	1	1
1	1	1
2	1	1
3	1	1
4	1	1
5	1	2
6	1	2
7	1	2
8	1	1
9	1	1
0	2	6
1	2	6
2	2	4
3	2	4
4	2	4
5	2	4
6	2	4
7	2	4
8	2	4
9	2	6
0	8	1
1	8	1
3	8	1
4	8	1
6	8	1
7	8	1
10	8	1
16	8	1
17	8	1
18	8	1
0	9	1
1	9	1
3	9	2
4	9	2
6	9	2
7	9	2
10	9	1
16	9	2
17	9	2
18	9	1
0	10	3
1	10	3
3	10	3
4	10	3
6	10	3
7	10	3
10	10	3
16	10	3
17	10	3
18	10	3
0	11	4
1	11	6
3	11	4
4	11	4
6	11	4
7	11	4
10	11	4
17	11	4
18	11	4
0	13	6
1	13	6
2	13	6
3	13	6
4	13	6
6	13	6
8	13	6
19	13	6
20	13	4
21	13	6
0	16	6
1	16	6
3	16	6
4	16	6
6	16	6
8	16	6
12	16	6
14	16	6
19	16	6
22	16	6
0	19	5
1	19	0
3	19	5
4	19	5
6	19	5
8	19	5
12	19	5
14	19	5
19	19	5
22	19	5
0	22	7
1	22	7
3	22	7
6	22	7
8	22	7
0	25	4
1	25	4
4	25	4
6	25	4
7	25	4
15	25	6
25	25	8
26	25	4
0	27	5
1	27	0
4	27	5
6	27	5
7	27	5
15	27	5
18	27	5
25	27	5
26	27	5
27	27	5
0	28	1
1	28	1
2	28	1
3	28	1
4	28	0
6	28	0
7	28	1
8	28	2
10	28	1
28	28	1
0	30	8
1	30	8
3	30	8
4	30	8
6	30	8
7	30	8
8	30	8
10	30	8
0	31	5
1	31	5
2	31	5
3	31	5
4	31	5
6	31	5
7	31	5
8	31	5
10	31	5
28	31	5
0	32	1
1	32	1
2	32	1
3	32	1
4	32	2
6	32	2
8	32	1
9	32	1
16	32	2
25	32	2
0	33	1
1	33	1
2	33	1
3	33	1
6	33	1
8	33	1
9	33	1
16	33	2
0	36	7
1	36	7
6	36	7
14	36	7
20	36	7
4	38	4
0	39	4
1	39	4
2	39	6
3	39	4
4	39	4
6	39	4
12	39	4
14	39	4
20	39	4
21	39	6
0	40	1
1	40	1
3	40	1
4	40	2
6	40	1
7	40	0
8	40	1
12	40	0
20	40	1
29	40	0
0	42	2
1	42	2
3	42	2
4	42	2
6	42	2
7	42	2
8	42	2
12	42	2
20	42	2
29	42	2
0	44	0
1	44	0
2	44	0
3	44	0
4	44	2
6	44	0
8	44	0
19	44	0
30	44	0
31	44	0
0	45	0
1	45	0
2	45	0
3	45	0
4	45	2
6	45	0
8	45	0
19	45	0
30	45	0
31	45	0
1	48	6
2	48	6
4	48	6
6	48	6
7	48	6
8	48	6
13	48	6
32	48	6
33	48	6
34	48	4
1	50	8
2	50	8
4	50	8
6	50	8
7	50	8
8	50	8
13	50	8
32	50	8
33	50	8
1	51	6
2	51	6
4	51	6
6	51	6
7	51	6
13	51	6
32	51	6
33	51	6
34	51	7
0	52	1
1	52	0
2	52	1
3	52	1
4	52	1
6	52	1
7	52	2
8	52	1
12	52	0
23	52	0
1	57	7
2	57	7
3	57	7
6	57	7
8	57	7
9	57	7
12	57	7
26	57	7
35	57	7
1	58	3
2	58	3
3	58	3
4	58	3
6	58	3
8	58	3
9	58	3
12	58	3
26	58	3
35	58	3
1	59	6
2	59	6
3	59	6
4	59	4
6	59	4
9	59	6
12	59	6
26	59	6
35	59	6
0	60	6
1	60	6
2	60	6
3	60	6
6	60	6
8	60	6
23	60	6
28	60	6
36	60	6
37	60	6
0	61	3
1	61	3
2	61	3
3	61	3
6	61	3
8	61	3
23	61	3
28	61	3
36	61	3
37	61	3
0	62	4
1	62	6
2	62	6
3	62	4
6	62	4
8	62	4
23	62	6
28	62	4
36	62	6
37	62	6
0	63	7
1	63	7
2	63	7
3	63	7
8	63	7
28	63	7
0	64	4
1	64	4
3	64	4
6	64	4
21	64	6
37	64	6
38	64	4
39	64	4
0	67	1
1	67	1
3	67	1
6	67	1
8	67	2
20	67	1
21	67	1
37	67	0
38	67	1
39	67	0
1	68	8
2	68	8
6	68	8
12	68	8
13	68	8
20	68	8
24	68	8
40	68	8
41	68	8
1	69	5
2	69	5
6	69	5
8	69	5
12	69	5
13	69	6
20	69	5
24	69	5
40	69	5
41	69	5
1	71	7
6	71	7
8	71	7
12	71	7
40	71	7
0	74	5
1	74	0
3	74	0
6	74	0
7	74	0
8	74	0
14	74	0
16	74	0
19	74	0
35	74	0
0	75	6
1	75	6
3	75	6
6	75	6
7	75	6
8	75	6
14	75	6
16	75	6
19	75	6
35	75	6
42	76	8
1	78	8
3	78	8
6	78	8
8	78	8
20	78	8
21	78	8
23	78	8
42	78	8
0	79	7
1	79	7
3	79	7
6	79	7
8	79	7
20	79	7
23	79	7
42	79	7
43	79	7
0	80	1
1	80	1
3	80	1
6	80	1
8	80	1
11	80	1
14	80	1
19	80	1
20	80	1
31	80	2
0	84	5
1	84	5
3	84	5
4	84	5
5	84	5
6	84	5
7	84	5
20	84	5
39	84	5
44	84	5
4	88	8
25	88	8
46	88	8
0	91	7
1	91	7
4	91	7
6	91	7
7	91	7
14	91	7
18	91	7
25	91	7
45	91	7
46	91	7
0	93	1
1	93	1
4	93	1
6	93	2
8	93	1
15	93	1
16	93	2
43	93	1
45	93	1
47	93	1
0	94	7
4	94	7
6	94	7
8	94	7
15	94	7
16	94	7
43	94	7
45	94	7
47	94	7
20	96	8
0	97	4
1	97	6
3	97	6
6	97	4
12	97	4
14	97	4
20	97	4
48	97	7
0	99	0
1	99	0
3	99	0
4	99	0
6	99	0
8	99	0
12	99	0
14	99	0
20	99	0
48	99	0
0	101	5
1	101	5
3	101	5
4	101	5
6	101	5
8	101	5
10	101	5
13	101	5
14	101	5
20	101	5
1	102	8
3	102	8
4	102	8
6	102	8
8	102	8
13	102	8
14	102	8
20	102	8
0	103	2
1	103	2
3	103	2
4	103	2
6	103	2
8	103	2
10	103	1
13	103	2
14	103	2
20	103	2
0	104	0
1	104	0
3	104	0
6	104	0
8	104	0
13	104	0
16	104	0
36	104	0
40	104	0
43	104	0
0	105	1
1	105	1
3	105	1
6	105	1
8	105	1
16	105	1
40	105	1
43	105	1
0	106	6
1	106	6
3	106	6
6	106	6
8	106	7
13	106	6
16	106	6
36	106	6
40	106	6
43	106	6
0	107	4
1	107	4
3	107	4
6	107	4
8	107	4
13	107	6
16	107	4
36	107	4
40	107	4
43	107	4
1	110	1
3	110	1
4	110	1
5	110	0
6	110	1
10	110	1
13	110	1
15	110	1
18	110	1
36	110	1
2	112	4
2	113	4
0	114	2
1	114	1
2	114	2
3	114	1
6	114	1
8	114	2
20	114	2
21	114	2
49	114	0
50	114	0
3	116	8
6	116	8
10	116	8
12	116	8
14	116	8
20	116	8
21	116	8
0	117	2
2	117	1
3	117	1
6	117	2
10	117	1
12	117	1
14	117	2
20	117	3
21	117	2
37	117	2
0	118	1
2	118	1
3	118	1
6	118	1
10	118	1
12	118	1
14	118	1
20	118	1
21	118	1
37	118	1
0	119	8
2	119	8
3	119	8
6	119	8
10	119	8
12	119	8
14	119	8
21	119	8
37	119	8
0	122	6
1	122	6
3	122	6
6	122	6
7	122	6
8	122	6
14	122	6
25	122	8
26	122	6
51	122	6
0	123	7
1	123	7
6	123	7
8	123	7
14	123	7
26	123	7
51	123	7
0	124	5
1	124	0
2	124	0
3	124	0
6	124	0
7	124	0
8	124	0
14	124	0
20	124	0
44	124	0
0	125	8
1	125	8
2	125	8
3	125	8
6	125	8
7	125	8
8	125	8
14	125	8
44	125	8
0	127	1
1	127	1
2	127	1
3	127	1
6	127	1
7	127	1
8	127	1
14	127	0
20	127	1
44	127	1
1	128	6
2	128	6
3	128	6
4	128	6
6	128	6
9	128	6
12	128	6
24	128	6
29	128	6
52	128	6
2	129	4
3	129	4
9	129	6
24	129	7
52	129	7
1	130	2
2	130	2
3	130	2
4	130	2
6	130	2
9	130	2
12	130	0
24	130	1
29	130	2
52	130	2
1	131	6
2	131	6
3	131	6
4	131	6
6	131	6
9	131	6
12	131	6
24	131	6
29	131	6
52	131	6
0	133	2
1	133	2
3	133	2
5	133	2
6	133	2
8	133	2
12	133	2
25	133	2
29	133	2
45	133	2
0	134	5
1	134	0
3	134	0
5	134	0
6	134	0
8	134	0
12	134	0
25	134	0
29	134	0
45	134	0
0	142	5
1	142	5
2	142	5
3	142	5
6	142	5
8	142	5
14	142	5
32	142	5
36	142	5
53	142	5
0	143	4
1	143	6
2	143	6
3	143	6
6	143	4
14	143	4
32	143	6
36	143	4
53	143	6
1	144	5
3	144	5
4	144	2
6	144	5
8	144	5
12	144	5
14	144	2
19	144	5
20	144	5
39	144	5
1	145	2
3	145	2
4	145	2
6	145	2
8	145	2
12	145	2
14	145	2
19	145	2
20	145	2
39	145	2
1	146	6
3	146	6
4	146	6
6	146	6
8	146	6
12	146	6
14	146	6
19	146	6
20	146	6
39	146	6
0	149	1
1	149	1
3	149	1
4	149	1
6	149	2
8	149	1
9	149	1
14	149	1
16	149	1
32	149	1
0	151	7
1	151	6
4	151	7
6	151	7
8	151	7
9	151	7
14	151	7
0	154	4
1	154	6
4	154	4
6	154	4
8	154	4
9	154	6
13	154	6
14	154	4
15	154	6
19	154	6
1	157	0
3	157	0
6	157	0
8	157	2
10	157	0
15	157	0
20	157	0
23	157	0
54	157	2
55	157	0
1	158	1
3	158	1
6	158	2
8	158	1
10	158	1
15	158	1
20	158	2
23	158	1
54	158	1
55	158	1
0	160	1
1	160	0
2	160	1
4	160	1
6	160	2
8	160	2
10	160	1
14	160	1
18	160	2
56	160	0
1	161	7
4	161	7
56	161	7
0	162	0
1	162	0
2	162	0
4	162	0
6	162	0
8	162	0
10	162	0
14	162	0
18	162	0
56	162	0
0	163	5
1	163	1
2	163	2
4	163	2
6	163	2
8	163	2
10	163	2
14	163	2
18	163	2
56	163	2
0	165	2
1	165	2
2	165	1
3	165	1
4	165	2
6	165	2
8	165	2
20	165	2
24	165	1
49	165	2
0	166	2
1	166	2
2	166	1
3	166	1
4	166	2
6	166	2
8	166	2
20	166	2
24	166	1
49	166	0
0	170	4
1	170	6
2	170	6
3	170	4
4	170	7
5	170	4
6	170	4
8	170	4
19	170	4
20	170	4
0	173	5
1	173	5
3	173	5
4	173	5
6	173	5
8	173	3
9	173	5
20	173	5
51	173	5
54	173	5
0	177	7
3	177	7
16	177	7
21	177	7
0	179	5
1	179	5
3	179	5
4	179	5
6	179	5
16	179	5
20	179	5
21	179	6
57	179	2
58	179	5
0	181	5
1	181	0
3	181	5
4	181	5
6	181	5
16	181	5
23	181	5
25	181	5
45	181	5
58	181	5
0	182	2
1	182	0
3	182	2
4	182	0
6	182	2
16	182	1
23	182	2
25	182	2
45	182	1
58	182	2
0	187	6
1	187	6
3	187	6
4	187	6
6	187	6
8	187	6
20	187	4
21	187	6
36	187	6
37	187	6
1	188	1
2	188	1
3	188	1
4	188	2
6	188	0
8	188	2
12	188	1
15	188	0
20	188	1
43	188	1
1	190	5
2	190	6
3	190	6
4	190	6
6	190	6
8	190	5
12	190	6
15	190	6
20	190	4
43	190	6
1	192	5
3	192	5
6	192	5
8	192	5
9	192	5
10	192	5
12	192	5
14	192	5
15	192	5
23	192	5
1	197	8
3	197	8
4	197	8
6	197	8
8	197	8
11	197	8
16	197	8
22	197	8
43	197	8
59	197	8
1	198	2
3	198	5
4	198	5
6	198	5
8	198	5
11	198	5
16	198	5
22	198	5
43	198	2
59	198	5
0	201	3
1	201	3
3	201	3
4	201	3
6	201	3
14	201	3
20	201	3
24	201	3
39	201	3
60	201	3
0	202	5
1	202	5
3	202	5
4	202	5
6	202	5
14	202	5
20	202	5
24	202	5
39	202	5
60	202	5
0	203	8
1	203	8
3	203	8
4	203	8
6	203	8
14	203	8
20	203	8
24	203	8
39	203	8
0	206	5
1	206	5
2	206	5
3	206	5
4	206	5
6	206	5
8	206	5
25	206	5
51	206	2
61	206	5
0	210	2
1	210	2
3	210	2
4	210	2
6	210	2
7	210	2
8	210	2
14	210	2
20	210	2
23	210	2
0	211	1
1	211	1
3	211	1
4	211	1
6	211	1
7	211	1
8	211	1
14	211	1
20	211	1
23	211	1
0	212	3
1	212	3
3	212	3
4	212	3
6	212	3
8	212	3
9	212	3
10	212	3
14	212	3
62	212	3
0	214	0
1	214	0
3	214	0
4	214	0
6	214	0
8	214	0
9	214	0
10	214	0
14	214	0
62	214	0
21	216	7
0	218	7
1	218	5
3	218	7
6	218	7
7	218	7
8	218	7
20	218	7
21	218	7
44	218	7
1	222	7
5	222	7
6	222	7
8	222	7
14	222	7
54	222	7
1	223	1
3	223	1
4	223	1
5	223	1
6	223	2
7	223	1
8	223	1
14	223	1
16	223	1
54	223	1
1	227	6
2	227	6
4	227	6
6	227	6
14	227	6
23	227	6
25	227	6
48	227	6
63	227	6
64	227	6
0	233	4
3	233	6
4	233	4
6	233	6
8	233	5
11	233	6
12	233	6
20	233	4
27	233	6
60	233	4
0	236	1
1	236	1
2	236	1
3	236	1
6	236	1
8	236	1
14	236	1
21	236	1
29	236	1
48	236	1
0	237	5
1	237	0
2	237	5
3	237	5
6	237	5
8	237	5
14	237	5
21	237	5
29	237	5
48	237	5
0	238	5
1	238	0
2	238	5
3	238	5
6	238	5
8	238	5
14	238	5
21	238	5
29	238	5
48	238	5
0	240	5
1	240	5
3	240	5
4	240	5
6	240	5
7	240	5
8	240	2
12	240	5
36	240	5
67	240	5
1	245	8
3	245	8
6	245	8
13	245	8
48	245	4
57	245	8
0	247	3
1	247	3
2	247	3
3	247	3
4	247	3
6	247	3
8	247	3
13	247	3
48	247	3
57	247	3
0	249	3
1	249	3
3	249	3
4	249	3
6	249	3
7	249	3
8	249	3
34	249	3
45	249	3
0	251	4
1	251	6
3	251	6
4	251	4
6	251	4
7	251	4
12	251	6
34	251	6
45	251	6
12	252	7
0	253	0
1	253	0
2	253	0
3	253	0
4	253	0
6	253	0
7	253	0
12	253	0
13	253	0
18	253	0
0	255	5
1	255	0
2	255	0
3	255	0
4	255	5
6	255	0
7	255	2
12	255	0
13	255	5
18	255	0
0	256	0
1	256	0
2	256	0
3	256	0
4	256	0
6	256	0
8	256	0
14	256	0
16	256	0
22	256	0
0	257	3
1	257	3
2	257	3
3	257	3
4	257	3
6	257	3
8	257	3
14	257	3
16	257	3
22	257	3
0	259	1
1	259	2
2	259	1
3	259	1
4	259	1
6	259	2
8	259	1
14	259	2
16	259	2
22	259	1
1	260	7
2	260	7
3	260	7
6	260	7
8	260	7
25	260	7
34	260	7
47	260	7
1	266	6
2	266	6
3	266	4
5	266	6
6	266	6
7	266	4
14	266	6
27	266	6
40	266	6
1	267	1
2	267	2
3	267	2
5	267	2
6	267	2
7	267	2
8	267	2
14	267	2
27	267	2
40	267	2
0	268	7
1	268	7
8	268	7
0	270	5
1	270	5
4	270	5
6	270	5
7	270	6
8	270	5
14	270	5
16	270	5
27	270	5
43	270	2
0	272	1
1	272	1
3	272	1
6	272	2
8	272	1
14	272	2
20	272	1
53	272	2
68	272	1
0	273	1
1	273	1
3	273	1
6	273	1
8	273	1
14	273	1
20	273	1
44	273	1
53	273	1
68	273	2
0	274	1
1	274	1
3	274	1
6	274	1
8	274	2
14	274	1
20	274	1
44	274	0
53	274	0
68	274	2
0	276	5
1	276	5
3	276	5
6	276	5
8	276	5
12	276	5
13	276	2
20	276	5
35	276	5
52	276	2
0	279	4
1	279	6
3	279	4
6	279	4
8	279	4
12	279	4
13	279	6
20	279	4
35	279	6
52	279	6
0	280	0
1	280	0
3	280	0
6	280	0
8	280	0
14	280	0
19	280	0
20	280	0
35	280	0
45	280	0
3	281	7
6	281	7
14	281	7
19	281	7
20	281	7
35	281	7
45	281	7
0	284	5
1	284	0
2	284	2
3	284	1
4	284	0
6	284	0
7	284	2
10	284	0
20	284	2
21	284	2
0	285	0
1	285	0
2	285	0
3	285	0
4	285	1
6	285	0
7	285	0
10	285	0
20	285	0
21	285	0
0	287	7
2	287	6
3	287	6
4	287	7
6	287	7
7	287	7
10	287	7
20	287	6
21	287	7
0	288	5
1	288	5
2	288	5
3	288	5
6	288	5
8	288	5
16	288	5
20	288	5
25	288	5
35	288	5
0	289	3
1	289	3
2	289	3
3	289	3
6	289	3
8	289	3
16	289	3
20	289	3
25	289	3
35	289	3
0	293	1
1	293	1
3	293	1
4	293	1
6	293	1
8	293	1
12	293	1
14	293	1
22	293	1
26	293	1
1	296	8
3	296	8
4	296	8
6	296	8
8	296	8
20	296	8
43	296	8
47	296	8
0	297	6
1	297	6
3	297	6
4	297	6
6	297	6
8	297	6
20	297	6
43	297	6
47	297	6
0	299	6
1	299	6
3	299	6
4	299	6
6	299	6
8	299	6
20	299	6
43	299	6
47	299	6
0	302	3
1	302	3
2	302	3
3	302	3
4	302	3
6	302	3
8	302	3
16	302	3
20	302	3
21	302	3
0	304	5
1	304	2
3	304	0
4	304	5
6	304	5
7	304	5
14	304	5
20	304	2
23	304	5
27	304	2
0	306	0
1	306	0
3	306	0
4	306	0
6	306	0
7	306	0
14	306	0
20	306	0
23	306	0
27	306	0
0	311	3
1	311	3
2	311	3
3	311	3
4	311	3
6	311	3
8	311	3
12	311	3
15	311	3
28	311	3
0	312	2
1	312	6
2	312	6
3	312	6
6	312	6
7	312	6
19	312	5
27	312	6
43	312	2
0	313	6
1	313	6
2	313	6
3	313	6
6	313	6
7	313	6
19	313	6
20	313	6
27	313	6
43	313	6
0	314	7
1	314	7
6	314	7
27	314	7
1	318	7
2	318	7
3	318	7
6	318	7
7	318	7
8	318	7
14	318	7
25	318	7
42	318	7
48	318	7
1	319	1
2	319	2
3	319	2
6	319	2
7	319	1
8	319	2
14	319	2
25	319	2
42	319	2
48	319	2
0	320	5
1	320	5
3	320	5
4	320	5
6	320	5
8	320	5
10	320	5
12	320	5
15	320	5
53	320	5
0	321	6
1	321	6
3	321	6
4	321	6
6	321	6
8	321	6
10	321	6
12	321	6
15	321	6
53	321	6
0	324	2
1	324	0
2	324	0
3	324	0
4	324	2
6	324	0
8	324	0
10	324	0
12	324	0
61	324	0
10	325	7
0	326	1
1	326	1
2	326	1
3	326	2
4	326	1
6	326	2
8	326	1
10	326	1
12	326	1
61	326	2
0	327	1
1	327	1
2	327	1
3	327	1
4	327	1
6	327	1
8	327	1
10	327	1
12	327	1
61	327	1
0	328	3
1	328	3
3	328	3
6	328	3
19	328	3
20	328	3
24	328	3
36	328	3
49	328	3
70	328	3
0	330	3
1	330	3
3	330	3
6	330	3
19	330	3
20	330	3
24	330	3
36	330	3
49	330	3
70	330	3
0	332	1
1	332	1
3	332	1
6	332	1
8	332	1
14	332	1
20	332	1
39	332	1
0	338	6
1	338	6
2	338	6
3	338	6
6	338	6
8	338	6
20	338	5
21	338	6
24	338	6
35	338	6
20	339	8
0	342	6
1	342	6
2	342	6
3	342	6
4	342	6
6	342	6
7	342	6
10	342	6
22	342	6
46	342	6
0	345	5
1	345	5
2	345	5
3	345	5
6	345	5
8	345	5
16	345	5
36	345	5
43	345	5
48	345	5
1	347	6
2	347	4
3	347	4
6	347	4
8	347	6
16	347	4
36	347	4
43	347	4
48	347	7
0	349	7
1	349	6
3	349	6
6	349	6
10	349	6
12	349	6
14	349	6
30	349	6
36	349	6
53	349	6
0	350	7
1	350	6
3	350	6
6	350	6
10	350	6
12	350	6
14	350	6
30	350	6
36	350	6
53	350	6
4	352	7
21	352	7
72	352	7
0	353	4
2	353	6
3	353	4
6	353	4
7	353	4
14	353	4
20	353	4
21	353	6
0	354	0
2	354	0
3	354	0
4	354	0
6	354	0
7	354	0
14	354	0
20	354	0
21	354	0
72	354	0
0	355	6
2	355	6
3	355	6
4	355	6
6	355	6
7	355	6
14	355	6
20	355	4
21	355	6
72	355	6
0	356	5
1	356	0
3	356	0
4	356	0
6	356	0
7	356	5
16	356	0
20	356	0
47	356	0
61	356	0
0	359	8
1	359	8
3	359	8
4	359	8
6	359	8
7	359	8
16	359	8
47	359	8
61	359	8
0	360	1
1	360	1
2	360	1
3	360	1
6	360	1
14	360	1
20	360	1
21	360	1
36	360	1
73	360	0
0	363	5
1	363	5
2	363	5
3	363	5
6	363	5
14	363	5
20	363	5
21	363	6
36	363	5
73	363	5
0	364	5
1	364	0
3	364	5
6	364	5
8	364	5
13	364	2
20	364	5
21	364	5
23	364	5
35	364	5
0	365	6
1	365	6
3	365	6
6	365	6
8	365	6
13	365	6
20	365	5
21	365	6
23	365	6
35	365	6
0	366	2
1	366	2
3	366	2
6	366	2
8	366	2
13	366	2
20	366	2
21	366	2
23	366	2
35	366	2
0	367	5
1	367	0
3	367	0
6	367	0
8	367	0
13	367	0
20	367	0
21	367	0
23	367	0
35	367	0
0	368	6
2	368	6
3	368	6
4	368	7
6	368	6
8	368	6
9	368	6
12	368	6
19	368	6
20	368	6
0	369	5
2	369	5
3	369	5
4	369	5
6	369	5
8	369	5
9	369	5
12	369	5
19	369	5
20	369	5
0	370	4
2	370	4
3	370	4
4	370	4
6	370	4
8	370	4
9	370	4
12	370	4
19	370	4
20	370	4
0	372	5
1	372	2
3	372	5
6	372	5
8	372	5
14	372	5
20	372	5
36	372	5
43	372	5
48	372	5
1	373	8
3	373	8
6	373	8
8	373	8
14	373	8
20	373	8
36	373	8
43	373	8
0	374	1
1	374	1
3	374	1
6	374	2
8	374	2
14	374	1
20	374	1
36	374	1
43	374	1
48	374	1
1	375	6
3	375	4
6	375	4
8	375	4
14	375	4
20	375	4
36	375	4
43	375	4
48	375	4
0	376	1
3	376	1
6	376	1
7	376	4
8	376	1
21	376	1
0	377	0
1	377	0
3	377	0
4	377	0
6	377	0
7	377	0
8	377	0
12	377	0
21	377	0
54	377	0
0	378	1
1	378	2
3	378	1
4	378	1
6	378	2
7	378	3
8	378	1
12	378	1
21	378	2
54	378	2
0	379	7
1	379	7
4	379	7
6	379	7
7	379	7
8	379	7
12	379	7
21	379	7
54	379	7
0	380	7
3	380	7
4	380	7
6	380	7
8	380	7
10	380	7
0	381	5
1	381	0
3	381	0
4	381	0
6	381	0
7	381	0
8	381	2
10	381	0
14	381	0
20	381	0
0	383	0
1	383	0
3	383	0
4	383	0
6	383	0
7	383	0
8	383	0
10	383	0
14	383	0
20	383	0
1	384	5
3	384	5
4	384	2
6	384	5
8	384	5
19	384	5
20	384	5
21	384	6
43	384	5
64	384	5
0	388	5
1	388	2
3	388	2
6	388	2
7	388	5
12	388	0
16	388	1
20	388	2
36	388	2
43	388	2
0	389	1
1	389	1
3	389	1
6	389	1
7	389	1
12	389	2
16	389	1
20	389	1
36	389	1
43	389	0
0	391	0
1	391	0
3	391	0
6	391	0
7	391	0
12	391	0
16	391	0
20	391	0
36	391	0
43	391	0
0	392	5
1	392	0
3	392	2
6	392	2
13	392	0
20	392	0
23	392	0
43	392	0
74	392	2
0	393	1
1	393	1
3	393	1
4	393	1
6	393	1
13	393	1
20	393	1
23	393	1
43	393	1
74	393	1
0	394	2
1	394	2
3	394	1
4	394	2
6	394	0
13	394	2
20	394	2
23	394	2
43	394	2
74	394	2
0	395	6
1	395	6
3	395	6
4	395	4
6	395	6
13	395	6
20	395	6
23	395	6
43	395	7
74	395	6
0	396	3
1	396	3
3	396	3
6	396	3
12	396	3
20	396	3
30	396	3
38	396	3
45	396	3
75	396	3
6	397	7
38	397	7
0	399	5
1	399	5
3	399	5
6	399	5
12	399	5
20	399	5
30	399	5
38	399	5
45	399	5
75	399	5
1	401	7
3	401	7
4	401	7
6	401	7
8	401	7
15	401	7
3	402	7
4	402	7
15	402	7
34	402	7
36	402	7
3	403	7
4	403	7
15	403	7
23	403	7
34	403	7
35	403	7
36	403	7
0	404	2
1	404	2
2	404	2
6	404	2
8	404	2
15	404	0
22	404	2
25	404	2
38	404	0
43	404	0
0	405	5
1	405	5
2	405	5
6	405	5
8	405	5
15	405	5
22	405	5
25	405	5
38	405	5
43	405	5
0	406	1
2	406	2
6	406	2
8	406	2
15	406	2
22	406	2
25	406	1
38	406	2
43	406	2
0	411	6
1	411	6
2	411	6
3	411	6
8	411	6
14	411	6
20	411	6
28	411	6
59	411	6
68	411	6
0	415	5
1	415	5
2	415	5
3	415	5
6	415	5
8	415	5
36	415	5
45	415	5
64	415	5
71	415	5
3	416	7
8	416	7
0	417	1
1	417	1
3	417	1
4	417	1
6	417	1
8	417	1
20	417	1
21	417	1
49	417	1
0	421	5
1	421	2
3	421	5
4	421	5
6	421	5
8	421	5
14	421	5
20	421	5
25	421	5
53	421	5
0	422	6
1	422	6
3	422	6
4	422	4
6	422	6
8	422	6
14	422	4
20	422	4
25	422	6
53	422	6
1	424	5
2	424	5
3	424	5
4	424	5
6	424	5
8	424	5
20	424	5
21	424	6
24	424	5
25	424	2
1	428	6
3	428	6
6	428	6
8	428	6
12	428	6
13	428	6
14	428	6
23	428	7
36	428	6
40	428	6
1	430	6
3	430	6
6	430	6
8	430	6
12	430	6
13	430	6
14	430	6
23	430	6
36	430	6
40	430	6
0	432	1
1	432	1
2	432	1
4	432	1
6	432	2
7	432	3
8	432	1
12	432	2
13	432	2
25	432	1
0	435	5
1	435	5
2	435	5
4	435	5
6	435	5
7	435	5
8	435	5
12	435	5
13	435	5
25	435	5
1	437	6
2	437	6
3	437	4
4	437	4
6	437	4
14	437	4
23	437	4
27	437	4
34	437	4
43	437	4
1	440	1
3	440	1
4	440	1
6	440	1
8	440	1
14	440	1
15	440	1
23	440	1
35	440	1
3	441	6
4	441	6
6	441	6
8	441	6
12	441	6
14	441	6
15	441	6
23	441	6
35	441	6
1	443	8
3	443	8
4	443	4
6	443	8
8	443	8
12	443	8
14	443	8
15	443	8
23	443	8
35	443	8
1	446	0
2	446	0
3	446	0
6	446	0
8	446	0
12	446	0
14	446	0
26	446	0
40	446	0
47	446	0
1	447	2
2	447	2
3	447	1
6	447	2
8	447	2
12	447	2
14	447	2
26	447	2
40	447	2
47	447	2
3	448	7
8	448	7
10	448	7
14	448	7
19	448	7
36	448	7
0	450	1
1	450	1
3	450	1
6	450	1
8	450	1
10	450	1
14	450	1
19	450	1
36	450	1
37	450	1
0	452	1
1	452	2
2	452	2
3	452	1
6	452	2
8	452	5
12	452	3
20	452	2
21	452	2
76	452	1
0	453	1
1	453	2
2	453	2
3	453	1
6	453	2
8	453	5
12	453	1
20	453	2
21	453	2
0	454	1
1	454	1
2	454	1
3	454	1
6	454	1
8	454	1
12	454	0
20	454	1
21	454	1
76	454	1
0	455	1
1	455	1
2	455	1
3	455	1
6	455	1
8	455	1
12	455	1
20	455	1
21	455	1
76	455	2
21	456	7
0	457	2
1	457	2
3	457	2
4	457	2
6	457	2
16	457	2
20	457	2
21	457	2
43	457	2
48	457	2
0	460	1
1	460	1
3	460	1
4	460	1
6	460	1
10	460	1
20	460	1
23	460	1
45	460	1
65	460	1
0	463	1
1	463	0
3	463	1
6	463	1
20	463	1
23	463	1
45	463	1
0	464	5
1	464	5
3	464	5
4	464	5
6	464	5
8	464	5
16	464	5
19	464	5
20	464	5
29	464	5
0	465	5
1	465	5
3	465	5
4	465	5
6	465	5
8	465	5
16	465	5
19	465	5
20	465	5
29	465	5
0	467	2
1	467	1
3	467	2
4	467	2
6	467	2
8	467	2
16	467	2
19	467	2
20	467	2
29	467	2
1	472	7
2	472	7
3	472	7
4	472	7
6	472	7
10	472	7
13	472	7
0	474	7
1	474	7
2	474	7
3	474	7
4	474	7
6	474	7
8	474	7
10	474	7
13	474	7
20	474	7
2	475	7
6	475	7
8	475	7
10	475	7
0	476	4
1	476	6
3	476	4
4	476	4
6	476	4
7	476	4
8	476	4
12	476	4
20	476	6
35	476	6
0	479	5
1	479	0
3	479	0
4	479	0
6	479	0
7	479	5
8	479	0
12	479	0
20	479	2
35	479	0
0	480	5
1	480	0
3	480	5
4	480	5
6	480	5
8	480	5
9	480	5
24	480	5
27	480	5
48	480	5
0	481	5
0	482	5
1	482	0
3	482	2
4	482	0
6	482	0
8	482	2
9	482	0
24	482	2
27	482	2
48	482	2
2	485	6
3	485	4
61	485	7
1	486	5
2	486	5
3	486	5
4	486	5
6	486	5
8	486	5
9	486	5
15	486	5
27	486	5
61	486	5
1	487	5
2	487	5
3	487	5
4	487	5
6	487	5
8	487	5
9	487	5
15	487	2
27	487	5
61	487	5
0	488	1
1	488	1
2	488	1
3	488	1
4	488	2
6	488	1
7	488	1
20	488	1
21	488	1
72	488	1
0	489	1
1	489	1
2	489	1
3	489	1
4	489	1
6	489	2
7	489	3
20	489	1
21	489	2
72	489	1
0	492	0
1	492	0
3	492	0
6	492	0
8	492	0
20	492	0
23	492	0
25	492	0
30	492	0
53	492	0
0	495	4
1	495	4
3	495	4
6	495	4
8	495	6
20	495	4
23	495	4
25	495	4
30	495	6
53	495	4
0	497	7
1	497	7
6	497	7
8	497	7
21	497	7
0	498	4
1	498	6
2	498	6
3	498	6
6	498	4
12	498	6
20	498	4
21	498	4
43	498	4
0	500	6
1	500	6
2	500	6
9	500	6
12	500	6
13	500	6
14	500	6
25	500	6
0	501	2
1	501	2
2	501	2
6	501	2
8	501	2
9	501	2
12	501	2
13	501	2
14	501	2
25	501	2
0	506	6
1	506	6
3	506	6
6	506	6
8	506	6
9	506	6
10	506	8
12	506	6
19	506	6
26	506	6
0	507	0
1	507	0
3	507	0
6	507	0
8	507	0
9	507	0
10	507	0
12	507	0
19	507	0
26	507	0
0	508	1
1	508	1
3	508	1
6	508	1
8	508	1
14	508	1
20	508	1
21	508	1
36	508	1
0	509	5
1	509	5
3	509	5
6	509	5
8	509	5
14	509	5
20	509	5
21	509	5
36	509	5
44	509	5
8	510	4
21	510	4
1	512	7
5	512	7
6	512	7
8	512	7
12	512	7
3	513	7
12	513	7
30	513	7
33	513	7
40	513	7
77	513	7
1	515	6
3	515	4
5	515	4
6	515	4
8	515	4
12	515	4
30	515	6
33	515	8
40	515	4
0	517	6
1	517	6
2	517	6
3	517	6
4	517	6
6	517	6
12	517	6
51	517	6
59	517	6
0	519	1
1	519	2
2	519	2
3	519	1
4	519	2
6	519	2
12	519	2
51	519	2
59	519	2
78	519	8
1	521	1
2	521	1
3	521	1
4	521	1
6	521	1
8	521	1
9	521	1
16	521	2
79	521	1
80	521	1
1	525	0
4	525	0
5	525	0
6	525	0
8	525	0
10	525	0
12	525	0
14	525	0
16	525	0
25	525	0
1	526	0
4	526	0
5	526	0
6	526	0
8	526	0
10	526	0
12	526	0
14	526	0
16	526	0
25	526	0
0	528	4
1	528	6
3	528	4
4	528	4
6	528	4
14	528	4
16	528	4
22	528	4
36	528	4
0	530	5
1	530	5
3	530	5
4	530	5
6	530	5
8	530	5
14	530	5
16	530	5
22	530	5
36	530	5
0	532	0
1	532	0
3	532	0
4	532	0
6	532	0
8	532	0
13	532	0
20	532	0
25	532	0
78	532	0
0	533	1
1	533	1
3	533	1
4	533	1
6	533	2
8	533	1
13	533	1
20	533	2
25	533	1
78	533	1
0	536	1
1	536	1
2	536	1
3	536	1
4	536	1
6	536	1
7	536	1
8	536	1
20	536	1
0	538	1
1	538	1
2	538	1
3	538	1
4	538	1
6	538	2
7	538	1
8	538	1
20	538	1
25	538	2
0	539	7
2	539	4
20	539	8
0	540	5
1	540	0
2	540	0
3	540	2
6	540	0
8	540	2
12	540	0
16	540	2
20	540	0
25	540	0
3	542	7
12	542	7
16	542	7
0	544	1
1	544	1
2	544	1
3	544	1
6	544	1
8	544	1
20	544	1
27	544	1
40	544	1
0	545	4
1	545	4
2	545	4
3	545	4
6	545	4
8	545	4
20	545	4
40	545	4
60	545	4
0	546	5
1	546	0
2	546	0
3	546	2
6	546	0
8	546	2
20	546	0
27	546	2
40	546	0
60	546	0
0	547	6
1	547	6
2	547	4
3	547	6
6	547	6
20	547	6
27	547	6
40	547	6
60	547	6
20	549	8
21	549	8
0	551	7
3	551	7
6	551	7
8	551	7
12	551	7
14	551	7
21	551	7
23	551	7
54	551	7
0	553	5
1	553	0
3	553	2
4	553	0
6	553	0
8	553	0
11	553	2
14	553	0
26	553	0
37	553	0
0	556	2
1	556	1
2	556	2
3	556	2
5	556	1
6	556	2
8	556	2
12	556	1
50	556	2
74	556	2
0	557	1
1	557	1
2	557	1
3	557	1
5	557	2
6	557	2
8	557	1
12	557	1
50	557	1
74	557	1
0	558	6
1	558	6
2	558	6
3	558	4
5	558	6
6	558	6
8	558	6
12	558	6
50	558	6
74	558	6
0	560	1
1	560	1
2	560	0
3	560	1
4	560	2
6	560	1
8	560	1
9	560	1
47	560	1
48	560	1
0	561	6
1	561	6
2	561	6
3	561	6
4	561	4
6	561	6
8	561	6
9	561	6
47	561	6
48	561	6
0	564	1
1	564	1
2	564	1
3	564	2
4	564	1
6	564	1
8	564	1
12	564	1
20	564	0
58	564	1
0	566	2
1	566	2
2	566	2
3	566	2
4	566	2
6	566	2
8	566	2
12	566	2
20	566	2
58	566	2
0	570	1
1	570	2
3	570	1
4	570	1
6	570	2
8	570	1
14	570	2
20	570	2
23	570	1
56	570	1
0	573	2
1	573	1
3	573	1
4	573	1
6	573	2
8	573	1
12	573	1
14	573	2
51	573	2
81	573	2
0	574	5
1	574	5
3	574	5
4	574	5
6	574	5
8	574	5
12	574	5
14	574	5
51	574	5
81	574	2
0	576	5
1	576	6
2	576	6
4	576	6
6	576	6
12	576	6
15	576	6
16	576	4
20	576	6
0	577	5
1	577	5
2	577	5
4	577	5
6	577	5
8	577	5
12	577	5
15	577	2
16	577	5
20	577	5
8	578	4
15	578	4
0	580	0
1	580	0
2	580	0
3	580	0
6	580	0
12	580	0
19	580	0
20	580	0
24	580	0
49	580	0
0	581	1
1	581	1
2	581	1
3	581	1
6	581	1
12	581	1
19	581	1
20	581	1
24	581	1
49	581	1
1	585	6
3	585	4
6	585	6
10	585	6
13	585	6
25	585	6
36	585	6
38	585	6
45	585	6
50	585	6
0	588	4
1	588	6
2	588	6
3	588	4
6	588	6
7	588	4
8	588	4
12	588	6
18	588	4
20	588	4
0	589	1
2	589	1
3	589	1
6	589	1
7	589	1
8	589	1
18	589	1
20	589	1
0	591	0
1	591	0
2	591	0
3	591	0
6	591	0
7	591	0
8	591	2
12	591	0
18	591	0
20	591	0
1	594	6
2	594	6
3	594	6
4	594	6
6	594	6
8	594	6
9	594	6
12	594	6
0	595	6
1	595	6
2	595	6
3	595	6
4	595	6
6	595	6
8	595	6
9	595	6
12	595	6
23	595	6
0	596	5
1	596	0
3	596	2
6	596	0
8	596	2
12	596	0
13	596	0
14	596	0
43	596	0
57	596	0
0	597	5
1	597	1
3	597	1
6	597	1
8	597	2
12	597	1
13	597	1
14	597	2
43	597	2
57	597	2
0	599	5
1	599	1
3	599	1
6	599	1
8	599	1
12	599	1
13	599	1
14	599	2
43	599	0
57	599	2
1	600	7
3	600	7
7	600	7
8	600	7
9	600	7
12	600	7
25	600	7
1	602	0
3	602	0
4	602	0
6	602	0
7	602	0
8	602	0
9	602	0
12	602	0
25	602	0
33	602	0
1	603	0
3	603	0
4	603	0
6	603	0
7	603	0
8	603	0
9	603	0
12	603	0
25	603	2
33	603	2
0	604	0
1	604	0
3	604	0
4	604	0
6	604	0
8	604	0
12	604	0
15	604	0
25	604	0
30	604	0
0	606	6
1	606	6
3	606	6
4	606	6
6	606	6
8	606	6
12	606	6
15	606	6
25	606	4
30	606	6
0	607	7
1	607	7
3	607	7
4	607	7
6	607	7
8	607	7
12	607	7
15	607	6
25	607	7
30	607	7
1	609	0
3	609	0
6	609	0
7	609	0
8	609	0
12	609	0
13	609	1
14	609	0
20	609	0
36	609	0
0	616	5
1	616	5
3	616	5
4	616	5
6	616	5
8	616	6
12	616	5
19	616	5
20	616	5
0	617	5
1	617	2
3	617	2
4	617	2
6	617	2
8	617	2
12	617	2
19	617	2
20	617	2
21	617	2
0	620	8
1	620	8
3	620	8
6	620	8
12	620	8
43	620	8
48	620	8
53	620	8
59	620	8
0	622	0
1	622	0
3	622	0
4	622	0
6	622	0
12	622	0
43	622	0
48	622	0
53	622	0
59	622	0
0	623	7
4	623	7
12	623	7
43	623	7
1	625	6
2	625	6
3	625	6
4	625	6
6	625	6
8	625	4
14	625	6
15	625	6
36	625	6
83	625	6
1	626	6
2	626	6
3	626	6
4	626	6
6	626	6
8	626	6
14	626	6
15	626	6
36	626	6
83	626	6
1	627	1
2	627	1
3	627	1
4	627	1
6	627	1
8	627	1
14	627	1
15	627	1
0	628	0
1	628	0
2	628	0
3	628	0
6	628	0
8	628	0
17	628	0
20	628	0
43	628	0
72	628	0
0	629	5
1	629	5
2	629	5
3	629	5
6	629	5
8	629	5
17	629	5
20	629	5
43	629	5
72	629	6
0	633	1
1	633	1
2	633	1
4	633	1
6	633	1
12	633	1
14	633	1
21	633	1
25	633	1
55	633	1
1	636	3
2	636	3
3	636	3
6	636	3
7	636	4
8	636	3
12	636	3
14	636	3
16	636	3
43	636	3
1	639	6
2	639	6
3	639	4
6	639	4
7	639	4
8	639	6
12	639	4
14	639	4
16	639	4
43	639	6
0	641	2
1	641	2
3	641	5
6	641	5
8	641	5
14	641	5
20	641	5
25	641	5
48	641	5
72	641	5
0	643	5
1	643	2
3	643	5
6	643	5
8	643	5
14	643	5
20	643	5
25	643	5
48	643	5
72	643	5
0	644	4
1	644	6
3	644	4
4	644	4
6	644	4
12	644	4
20	644	4
21	644	6
26	644	7
0	646	0
1	646	0
3	646	0
4	646	0
6	646	0
8	646	0
12	646	0
20	646	0
21	646	0
26	646	0
0	649	3
1	649	3
2	649	3
4	649	3
6	649	3
8	649	3
14	649	3
15	649	3
16	649	3
43	649	3
0	653	6
3	653	6
4	653	6
6	653	6
7	653	6
20	653	6
31	653	6
38	653	6
50	653	6
70	653	6
0	654	5
3	654	0
4	654	0
6	654	1
7	654	0
20	654	2
31	654	0
38	654	0
50	654	0
70	654	5
0	656	0
1	656	0
3	656	0
4	656	0
6	656	0
8	656	0
10	656	0
11	656	0
14	656	0
28	656	0
0	657	7
1	657	6
3	657	6
4	657	6
6	657	4
8	657	4
10	657	4
11	657	4
14	657	4
28	657	6
0	662	5
1	662	2
3	662	1
4	662	0
6	662	2
8	662	2
20	662	0
21	662	1
36	662	0
46	662	2
0	666	1
1	666	1
3	666	2
5	666	0
6	666	1
8	666	2
14	666	1
19	666	2
20	666	2
21	666	1
1	671	2
3	671	1
4	671	1
6	671	1
7	671	2
8	671	1
12	671	0
14	671	2
48	671	2
62	671	1