5000 83 1000 0.5
0 0 0
0 1 0
0 2 0
0 3 0
0 4 0
1 1 0
1 2 0
1 5 1
1 6 0
1 7 1
2 2 0
2 5 0
2 8 0
2 9 0
2 10 1
3 2 0
3 5 0
3 8 0
3 10 0
3 11 0
4 1 0
4 2 0
4 12 0
4 8 0
4 13 1
5 2 0
5 14 1
5 8 0
5 10 0
5 15 0
6 2 0
6 6 0
6 8 1
6 4 0
6 16 1
7 2 0
7 5 0
7 10 1
7 17 0
7 15 0
8 1 0
8 2 0
8 5 0
8 10 0
8 18 0
9 2 0
9 5 0
9 6 0
9 4 0
9 7 1
10 2 0
10 5 1
10 9 1
10 4 1
10 13 1
11 2 0
11 5 0
11 14 1
11 4 0
11 19 1
12 2 1
12 5 1
12 8 0
12 20 1
12 21 1
13 2 0
13 5 0
13 8 0
13 7 0
13 17 0
14 0 0
14 2 0
14 22 0
14 4 0
14 13 0
15 2 0
15 9 0
15 4 0
15 23 0
15 18 0
16 2 0
16 14 1
16 8 0
16 24 0
16 7 0
17 2 0
17 5 0
17 14 1
17 24 0
17 25 0
18 2 0
18 14 1
18 8 1
18 4 0
18 19 1
19 2 0
19 22 1
19 8 1
19 10 1
19 26 1
20 2 1
20 4 1
20 13 1
20 11 1
20 19 1
21 0 0
21 2 0
21 5 0
21 14 0
21 3 0
22 2 0
22 5 1
22 14 1
22 4 0
22 27 1
23 2 0
23 5 1
23 8 1
23 4 1
23 17 1
24 1 0
24 2 0
24 4 0
24 10 0
24 28 0
25 2 0
25 5 0
25 10 0
25 24 0
25 29 0
26 2 0
26 5 1
26 4 1
26 10 1
26 27 1
27 2 1
27 9 1
27 4 1
27 17 1
27 27 1
28 2 0
28 5 0
28 9 1
28 24 0
28 27 1
29 2 0
29 9 1
29 4 0
29 13 0
29 29 1
30 2 0
30 14 0
30 6 0
30 8 0
30 7 0
31 2 0
31 5 1
31 3 0
31 4 0
31 17 0
32 0 0
32 2 0
32 5 0
32 8 0
32 4 0
33 2 0
33 30 0
33 8 1
33 17 1
33 31 1
34 2 0
34 30 0
34 14 0
34 3 0
34 32 0
35 2 0
35 5 0
35 30 0
35 8 0
35 7 0
36 2 0
36 5 0
36 6 0
36 33 1
36 7 0
37 2 0
37 9 1
37 4 1
37 34 0
37 27 1
38 2 1
38 5 1
38 3 1
38 4 1
38 21 1
39 2 0
39 5 0
39 27 0
39 35 0
39 16 0
40 2 0
40 8 0
40 9 1
40 17 1
40 35 0
41 1 0
41 2 0
41 5 0
41 17 1
41 18 0
42 2 0
42 5 1
42 8 0
42 9 1
42 33 1
43 2 0
43 5 0
43 30 0
43 9 0
43 4 0
44 2 0
44 5 0
44 8 0
44 33 0
44 13 1
45 2 0
45 5 1
45 8 1
45 4 1
45 10 0
46 2 1
46 5 1
46 18 1
46 36 1
46 29 1
47 2 0
47 5 0
47 14 0
47 4 0
47 24 0
48 2 0
48 5 0
48 6 0
48 17 0
48 20 0
49 2 0
49 5 0
49 8 0
49 4 0
49 10 0
50 2 0
50 5 0
50 24 0
50 11 0
50 37 0
51 2 0
51 6 0
51 3 1
51 8 0
51 10 0
52 1 1
52 2 0
52 5 1
52 4 0
52 16 1
53 2 0
53 5 0
53 8 0
53 9 0
53 16 0
54 2 0
54 5 1
54 30 0
54 8 0
54 9 0
55 2 0
55 5 0
55 6 0
55 4 0
55 33 0
56 2 0
56 5 0
56 9 0
56 10 0
56 27 0
57 2 0
57 30 0
57 14 0
57 7 0
57 21 0
58 2 0
58 5 0
58 3 0
58 26 0
58 16 0
59 2 0
59 5 0
59 14 1
59 10 0
59 18 0
60 2 0
60 5 0
60 14 0
60 8 0
60 4 0
61 2 0
61 5 0
61 8 0
61 26 0
61 16 0
62 2 0
62 5 0
62 3 0
62 8 0
62 10 0
63 2 0
63 5 0
63 12 0
63 4 0
63 38 0
64 2 0
64 5 0
64 4 0
64 18 0
64 21 0
65 2 0
65 5 1
65 14 1
65 9 0
65 13 0
66 1 1
66 2 0
66 5 0
66 6 0
66 4 1
67 2 0
67 5 0
67 14 0
67 4 0
67 18 0
68 2 1
68 5 1
68 6 0
68 10 1
68 18 1
69 2 0
69 5 0
69 14 0
69 4 0
69 18 0
70 2 0
70 5 0
70 27 0
70 16 0
70 38 0
71 2 1
71 5 0
71 10 0
71 26 1
71 27 0
72 1 0
72 2 0
72 14 1
72 4 0
72 18 1
73 1 1
73 2 0
73 14 1
73 17 1
73 18 1
74 2 0
74 5 0
74 14 0
74 9 0
74 18 0
75 2 1
75 6 1
75 33 1
75 26 1
75 19 1
76 2 0
76 5 0
76 9 0
76 4 0
76 10 0
77 2 0
77 5 1
77 9 1
77 4 0
77 10 0
78 2 0
78 8 0
78 10 1
78 17 0
78 27 0
79 2 0
79 5 0
79 10 0
79 24 0
79 26 0
80 2 1
80 14 0
80 8 1
80 4 0
80 17 0
81 2 0
81 5 1
81 10 1
81 33 1
81 13 0
82 2 1
82 14 1
82 8 1
82 24 1
82 26 1
83 2 0
83 30 1
83 17 1
83 37 1
83 39 1
84 2 1
84 5 1
84 14 1
84 26 1
84 37 1
85 2 0
85 14 1
85 8 1
85 10 0
85 13 1
86 2 0
86 5 0
86 8 1
86 18 0
86 16 0
87 2 0
87 5 0
87 12 0
87 9 1
87 10 0
88 2 0
88 8 1
88 4 0
88 10 1
88 27 1
89 2 0
89 5 0
89 14 0
89 16 0
89 38 0
90 5 0
90 30 0
90 32 0
90 24 0
90 7 0
91 2 0
91 5 0
91 6 0
91 26 0
91 17 0
92 2 0
92 5 0
92 30 0
92 4 0
92 29 0
93 2 1
93 5 1
93 14 1
93 8 1
93 11 1
94 2 0
94 5 1
94 9 1
94 4 0
94 23 1
95 1 0
95 2 0
95 5 0
95 40 1
95 15 1
96 2 0
96 5 0
96 14 0
96 4 0
96 13 0
97 2 0
97 14 0
97 8 0
97 4 0
97 13 0
98 2 0
98 5 1
98 9 1
98 10 1
98 27 1
99 2 0
99 5 0
99 14 1
99 8 1
99 19 1
100 2 0
100 5 0
100 6 0
100 29 0
100 19 0
101 0 0
101 1 0
101 2 0
101 5 0
101 34 0
102 2 1
102 5 0
102 14 1
102 6 0
102 35 0
103 2 0
103 14 0
103 4 0
103 35 0
103 16 0
104 2 0
104 5 0
104 9 1
104 4 0
104 24 0
105 2 0
105 9 1
105 4 0
105 10 1
105 18 0
106 1 0
106 2 0
106 4 0
106 17 0
106 18 0
107 2 1
107 5 1
107 4 1
107 10 1
107 29 1
108 2 0
108 5 0
108 9 1
108 4 0
108 27 0
109 2 0
109 5 0
109 6 0
109 10 0
109 13 1
110 1 0
110 2 0
110 5 1
110 10 0
110 38 0
111 2 0
111 5 0
111 9 0
111 27 0
111 16 0
112 2 1
112 22 1
112 5 1
112 8 0
112 41 1
113 2 1
113 14 1
113 3 1
113 9 1
113 18 1
114 2 0
114 5 0
114 10 0
114 26 0
114 16 0
115 0 0
115 42 1
115 1 0
115 2 0
115 22 0
116 1 0
116 2 0
116 5 0
116 14 0
116 6 0
117 2 0
117 5 0
117 6 0
117 8 0
117 9 0
118 1 0
118 2 0
118 23 0
118 41 0
118 10 0
119 42 1
119 2 0
119 14 1
119 8 1
119 4 0
120 0 0
120 22 0
120 14 1
120 9 1
120 34 0
121 0 0
121 2 0
121 30 1
121 9 1
121 7 1
122 42 0
122 2 0
122 5 0
122 30 0
122 12 1
123 2 0
123 22 0
123 5 0
123 14 0
123 7 0
124 2 0
124 5 0
124 14 0
124 7 0
124 27 0
125 2 0
125 5 0
125 10 0
125 11 0
125 40 0
126 2 1
126 22 1
126 5 1
126 14 1
126 9 1
127 1 1
127 2 0
127 14 0
127 8 1
127 18 1
128 0 0
128 42 1
128 2 1
128 5 1
128 9 1
129 0 0
129 1 0
129 2 0
129 30 0
129 8 0
130 2 0
130 5 0
130 14 1
130 8 0
130 4 0
131 1 1
131 2 0
131 5 1
131 7 1
131 28 1
132 1 1
132 2 0
132 14 1
132 9 0
132 18 0
133 1 0
133 2 0
133 22 0
133 5 0
133 8 0
134 1 0
134 2 1
134 5 0
134 8 0
134 13 0
135 2 0
135 14 0
135 10 1
135 34 0
135 43 0
136 0 0
136 1 0
136 2 1
136 5 0
136 32 0
137 2 0
137 5 1
137 3 1
137 8 1
137 28 1
138 2 0
138 5 0
138 14 0
138 12 1
138 44 0
139 2 0
139 12 0
139 8 0
139 4 0
139 45 0
140 42 1
140 2 0
140 5 1
140 3 1
140 45 1
141 1 1
141 2 0
141 14 0
141 9 0
141 23 1
142 2 0
142 5 0
142 33 0
142 11 0
142 46 0
143 2 0
143 5 0
143 14 1
143 8 0
143 4 0
144 0 0
144 2 0
144 30 0
144 14 0
144 34 0
145 42 1
145 2 1
145 23 1
145 34 1
145 7 1
146 1 0
146 2 0
146 12 0
146 24 0
146 44 0
147 0 0
147 2 0
147 3 0
147 8 0
147 41 0
148 1 0
148 5 0
148 14 0
148 9 0
148 34 0
149 2 0
149 5 0
149 30 0
149 3 0
149 18 1
150 2 0
150 3 0
150 24 0
150 45 0
150 47 0
151 2 1
151 5 0
151 14 0
151 12 0
151 4 0
152 2 0
152 5 0
152 14 1
152 7 0
152 17 0
153 2 1
153 22 0
153 14 0
153 24 0
153 48 0
154 14 1
154 8 1
154 23 1
154 7 1
154 29 1
155 0 0
155 5 0
155 36 0
155 49 0
155 50 0
156 2 0
156 5 0
156 30 0
156 24 0
156 13 0
157 0 0
157 42 1
157 2 0
157 30 0
157 4 0
158 1 0
158 5 0
158 14 0
158 41 0
158 7 0
159 2 0
159 5 1
159 14 0
159 7 0
159 29 1
160 2 1
160 5 0
160 14 1
160 9 0
160 19 1
161 2 0
161 5 0
161 8 0
161 4 0
161 10 1
162 2 0
162 5 0
162 9 1
162 13 1
162 11 1
163 2 0
163 5 0
163 10 0
163 45 0
163 27 0
164 2 0
164 14 0
164 18 0
164 36 0
164 51 0
165 0 0
165 2 0
165 5 0
165 6 0
165 9 0
166 1 1
166 14 1
166 8 1
166 9 0
166 24 1
167 2 0
167 5 1
167 9 1
167 52 0
167 44 1
168 2 0
168 5 0
168 9 0
168 28 0
168 26 0
169 1 1
169 2 0
169 30 0
169 14 1
169 34 1
170 2 0
170 22 0
170 4 0
170 41 0
170 28 1
171 1 0
171 2 0
171 5 1
171 9 0
171 17 1
172 0 0
172 1 1
172 22 0
172 24 0
172 7 1
173 2 0
173 22 0
173 5 0
173 36 0
173 53 0
174 2 0
174 5 0
174 4 0
174 16 0
174 19 0
175 0 0
175 1 1
175 22 1
175 5 1
175 45 1
176 2 0
176 5 0
176 12 0
176 52 0
176 17 0
177 0 0
177 1 0
177 2 0
177 12 0
177 10 0
178 14 0
178 12 0
178 23 0
178 34 0
178 26 0
179 1 1
179 2 0
179 22 0
179 8 0
179 33 1
180 2 0
180 14 1
180 34 1
180 13 1
180 36 1
181 2 0
181 12 0
181 4 0
181 10 0
181 26 0
182 5 0
182 14 0
182 3 0
182 54 0
182 36 0
183 2 0
183 5 0
183 9 1
183 4 0
183 16 0
184 2 0
184 5 0
184 9 0
184 4 1
184 46 1
185 1 0
185 2 0
185 5 0
185 14 1
185 4 1
186 0 0
186 2 0
186 9 0
186 55 0
186 44 0
187 2 0
187 22 0
187 5 1
187 4 0
187 10 0
188 5 1
188 14 1
188 9 1
188 7 1
188 44 1
189 1 0
189 2 0
189 22 1
189 5 1
189 37 0
190 2 0
190 5 0
190 14 1
190 24 0
190 26 0
191 1 0
191 2 0
191 5 0
191 32 0
191 35 0
192 0 0
192 2 0
192 8 0
192 11 0
192 47 0
193 0 0
193 2 0
193 28 0
193 26 0
193 18 0
194 42 1
194 5 0
194 32 1
194 9 0
194 44 1
195 22 0
195 5 0
195 14 0
195 45 0
195 56 0
196 2 0
196 34 0
196 26 0
196 18 1
196 57 0
197 2 0
197 5 0
197 8 0
197 4 1
197 28 0
198 5 1
198 14 1
198 9 0
198 29 0
198 48 1
199 2 1
199 5 1
199 10 1
199 46 1
199 21 1
200 2 0
200 5 0
200 30 0
200 14 0
200 44 0
201 2 0
201 22 0
201 5 0
201 6 0
201 44 0
202 2 0
202 22 0
202 30 0
202 14 1
202 28 0
203 1 1
203 2 0
203 5 0
203 34 0
203 7 0
204 22 1
204 5 1
204 14 1
204 45 1
204 36 1
205 42 1
205 1 0
205 5 0
205 6 0
205 24 0
206 2 1
206 30 0
206 4 1
206 7 1
206 58 1
207 32 0
207 8 0
207 9 1
207 46 0
207 59 0
208 0 0
208 42 1
208 22 0
208 5 1
208 60 1
209 1 0
209 2 0
209 5 0
209 4 0
209 7 0
210 2 0
210 14 0
210 6 0
210 9 1
210 34 0
211 2 0
211 14 1
211 3 0
211 27 0
211 61 0
212 2 0
212 5 0
212 4 0
212 36 0
212 44 0
213 2 0
213 5 0
213 30 0
213 12 0
213 13 0
214 2 0
214 5 0
214 9 0
214 10 0
214 7 0
215 2 0
215 3 0
215 9 1
215 41 0
215 44 0
216 0 1
216 42 1
216 14 1
216 7 0
216 36 0
217 0 0
217 2 1
217 62 1
217 53 1
217 46 1
218 2 0
218 5 0
218 32 0
218 9 0
218 10 0
219 1 0
219 5 0
219 8 0
219 13 0
219 55 0
220 22 1
220 5 0
220 14 1
220 9 1
220 55 1
221 6 0
221 8 0
221 4 0
221 7 0
221 63 0
222 2 0
222 5 0
222 30 0
222 8 0
222 4 0
223 22 1
223 32 1
223 7 1
223 36 1
223 53 1
224 1 0
224 6 0
224 8 0
224 34 0
224 24 0
225 2 0
225 22 0
225 5 0
225 45 0
225 36 0
226 1 0
226 2 0
226 8 0
226 4 0
226 13 0
227 2 1
227 22 1
227 5 1
227 6 0
227 29 1
228 2 0
228 30 1
228 4 0
228 24 0
228 64 1
229 0 0
229 2 0
229 14 1
229 3 0
229 65 1
230 0 0
230 22 0
230 14 0
230 12 0
230 9 0
231 22 0
231 5 0
231 45 0
231 55 0
231 66 0
232 0 0
232 2 0
232 14 0
232 7 0
232 62 0
233 22 0
233 5 0
233 34 0
233 13 0
233 64 0
234 2 0
234 5 1
234 14 1
234 9 0
234 48 0
235 14 1
235 8 1
235 41 1
235 24 1
235 13 1
236 0 0
236 22 0
236 5 1
236 30 0
236 59 0
237 2 0
237 5 1
237 8 1
237 26 1
237 44 1
238 0 0
238 5 1
238 4 1
238 45 1
238 18 1
239 2 0
239 22 0
239 5 0
239 14 0
239 13 1
240 2 0
240 22 0
240 5 0
240 9 1
240 28 0
241 0 0
241 5 1
241 12 1
241 3 1
241 7 1
242 22 1
242 5 1
242 30 1
242 52 1
242 45 1
243 2 0
243 22 0
243 14 0
243 12 0
243 34 0
244 0 0
244 42 0
244 2 0
244 3 0
244 28 0
245 0 0
245 2 0
245 30 0
245 6 0
245 17 0
246 2 0
246 5 0
246 41 0
246 29 0
246 16 0
247 2 0
247 12 0
247 3 0
247 8 0
247 4 0
248 2 0
248 5 1
248 14 1
248 4 1
248 24 1
249 1 1
249 2 0
249 34 0
249 17 1
249 47 1
250 0 0
250 2 0
250 22 0
250 5 0
250 10 0
251 1 0
251 5 0
251 3 0
251 4 0
251 7 0
252 2 0
252 5 0
252 6 1
252 17 0
252 29 0
253 2 1
253 5 1
253 12 0
253 4 0
253 18 1
254 2 0
254 6 0
254 4 0
254 45 0
254 51 0
255 42 0
255 5 0
255 14 1
255 3 0
255 9 0
256 1 0
256 30 0
256 28 0
256 36 0
256 67 0
257 2 0
257 5 0
257 30 0
257 6 0
257 9 0
258 2 0
258 5 0
258 9 0
258 48 0
258 46 0
259 0 0
259 42 1
259 2 0
259 22 0
259 14 0
260 1 1
260 5 0
260 14 1
260 3 1
260 46 0
261 2 1
261 14 1
261 8 1
261 10 1
261 24 1
262 1 1
262 2 1
262 30 1
262 8 1
262 36 1
263 2 0
263 22 0
263 5 0
263 13 0
263 62 0
264 2 0
264 5 0
264 14 0
264 63 0
264 44 0
265 42 0
265 2 0
265 3 0
265 36 0
265 44 0
266 0 0
266 2 0
266 5 0
266 32 0
266 7 1
267 2 0
267 5 0
267 14 0
267 24 0
267 7 0
268 42 1
268 2 0
268 22 0
268 14 0
268 34 0
269 2 0
269 5 0
269 30 0
269 8 0
269 26 0
270 5 1
270 30 1
270 14 1
270 4 1
270 24 1
271 2 0
271 5 0
271 12 0
271 8 0
271 39 0
272 2 0
272 5 0
272 12 0
272 10 1
272 28 0
273 0 0
273 2 0
273 5 0
273 3 1
273 24 0
274 22 0
274 5 0
274 41 0
274 7 0
274 63 0
275 1 1
275 22 0
275 14 1
275 9 1
275 24 1
276 42 0
276 1 0
276 22 0
276 9 0
276 36 0
277 2 0
277 22 0
277 30 0
277 8 0
277 13 0
278 2 0
278 5 0
278 10 0
278 17 0
278 44 0
279 1 0
279 2 0
279 22 0
279 10 0
279 18 0
280 2 0
280 5 1
280 14 1
280 9 1
280 54 1
281 2 0
281 5 1
281 41 1
281 33 1
281 16 1
282 0 0
282 2 0
282 14 0
282 4 0
282 68 1
283 2 0
283 4 1
283 24 1
283 26 1
283 44 0
284 5 0
284 30 0
284 4 0
284 24 0
284 67 0
285 1 0
285 2 0
285 14 1
285 4 0
285 11 0
286 1 0
286 2 0
286 30 0
286 8 0
286 10 0
287 0 0
287 1 1
287 2 0
287 5 1
287 21 1
288 1 1
288 22 0
288 5 1
288 14 0
288 9 1
289 2 0
289 14 0
289 12 0
289 10 1
289 33 1
290 0 0
290 2 0
290 8 0
290 9 0
290 4 0
291 5 1
291 9 1
291 7 1
291 36 1
291 63 1
292 42 0
292 2 0
292 5 0
292 32 0
292 10 0
293 0 0
293 2 0
293 5 0
293 14 0
293 69 0
294 1 1
294 2 1
294 22 1
294 5 1
294 24 1
295 1 1
295 2 1
295 5 0
295 52 1
295 34 1
296 1 0
296 2 0
296 22 0
296 26 0
296 44 0
297 5 1
297 30 0
297 14 1
297 9 1
297 34 0
298 0 0
298 1 0
298 5 0
298 34 0
298 28 0
299 2 0
299 22 1
299 5 1
299 4 1
299 29 1
300 1 0
300 2 0
300 5 0
300 30 0
300 45 0
301 2 0
301 5 1
301 10 1
301 27 0
301 35 0
302 2 0
302 3 0
302 9 1
302 54 0
302 24 0
303 2 0
303 22 1
303 14 1
303 6 0
303 10 0
304 22 1
304 14 0
304 23 1
304 28 1
304 13 1
305 2 0
305 5 1
305 8 1
305 9 1
305 4 1
306 2 1
306 5 1
306 33 1
306 35 1
306 70 1
307 2 0
307 8 0
307 9 0
307 7 0
307 13 0
308 1 1
308 2 1
308 22 1
308 9 1
308 7 1
309 2 0
309 5 0
309 14 0
309 4 0
309 18 1
310 2 0
310 8 1
310 34 1
310 13 1
310 64 1
311 2 0
311 5 0
311 23 0
311 36 0
311 53 0
312 5 1
312 4 1
312 41 1
312 24 1
312 36 1
313 2 0
313 5 1
313 9 0
313 4 0
313 29 0
314 2 0
314 14 0
314 12 0
314 10 0
314 52 0
315 2 0
315 14 0
315 3 0
315 9 0
315 46 0
316 2 0
316 5 0
316 8 0
316 10 0
316 46 0
317 2 0
317 5 0
317 9 1
317 10 1
317 16 0
318 42 1
318 1 1
318 22 1
318 5 1
318 45 1
319 2 0
319 5 0
319 34 0
319 7 1
319 13 0
320 2 0
320 5 1
320 3 1
320 32 1
320 36 1
321 42 1
321 2 1
321 30 1
321 14 1
321 3 1
322 1 0
322 2 0
322 5 0
322 8 0
322 4 0
323 2 0
323 5 0
323 14 1
323 17 1
323 39 0
324 1 0
324 5 0
324 12 0
324 59 0
324 71 0
325 42 1
325 2 0
325 14 1
325 9 1
325 54 0
326 5 0
326 30 0
326 34 1
326 7 0
326 28 1
327 2 0
327 5 0
327 8 0
327 24 0
327 36 0
328 5 1
328 14 1
328 9 1
328 7 1
328 51 1
329 2 0
329 4 0
329 24 0
329 40 0
329 35 0
330 1 1
330 5 0
330 30 0
330 7 1
330 46 0
331 0 0
331 5 1
331 3 0
331 24 1
331 46 0
332 0 0
332 5 1
332 14 1
332 18 0
332 44 1
333 1 1
333 5 1
333 30 1
333 9 1
333 34 1
334 42 0
334 2 0
334 5 0
334 14 0
334 4 0
335 2 0
335 5 0
335 8 0
335 13 0
335 39 0
336 1 1
336 2 0
336 5 1
336 14 1
336 9 1
337 2 1
337 5 0
337 30 0
337 14 0
337 12 0
338 2 0
338 22 0
338 12 0
338 3 0
338 32 0
339 1 0
339 3 0
339 54 0
339 4 0
339 23 0
340 2 0
340 5 0
340 3 0
340 8 0
340 4 0
341 0 0
341 1 0
341 22 0
341 5 0
341 3 0
342 2 0
342 5 0
342 9 0
342 4 0
342 52 0
343 0 0
343 2 0
343 5 0
343 9 0
343 10 0
344 2 1
344 5 1
344 9 1
344 43 1
344 33 1
345 14 1
345 3 0
345 8 0
345 4 0
345 24 0
346 2 0
346 5 0
346 4 0
346 26 0
346 38 0
347 42 1
347 5 1
347 14 1
347 4 1
347 45 1
348 1 0
348 2 0
348 5 0
348 28 0
348 26 1
349 2 0
349 10 0
349 13 0
349 55 0
349 17 0
350 1 0
350 2 0
350 14 0
350 9 0
350 28 0
351 2 0
351 5 0
351 32 0
351 10 0
351 18 0
352 0 0
352 5 0
352 12 0
352 34 0
352 68 0
353 4 0
353 34 0
353 45 0
353 7 0
353 36 0
354 0 0
354 2 1
354 12 0
354 8 0
354 10 0
355 8 0
355 7 0
355 63 0
355 29 0
355 72 0
356 0 0
356 42 0
356 2 0
356 9 0
356 55 0
357 2 0
357 22 0
357 5 1
357 14 1
357 16 0
358 2 0
358 5 0
358 33 0
358 36 0
358 27 0
359 2 0
359 14 1
359 9 1
359 41 1
359 49 1
360 14 0
360 3 0
360 56 0
360 62 0
360 48 0
361 2 0
361 5 0
361 3 0
361 8 0
361 9 0
362 22 0
362 5 0
362 30 0
362 7 0
362 55 1
363 22 0
363 5 0
363 14 0
363 45 0
363 7 0
364 1 0
364 2 0
364 32 0
364 13 0
364 18 1
365 0 0
365 5 0
365 45 0
365 63 0
365 29 0
366 2 0
366 22 0
366 4 0
366 29 0
366 20 0
367 2 0
367 5 0
367 14 0
367 8 0
367 9 0
368 2 0
368 5 1
368 14 1
368 8 0
368 36 1
369 2 1
369 5 1
369 4 1
369 26 1
369 36 1
370 2 0
370 14 0
370 9 1
370 4 0
370 13 0
371 2 1
371 12 1
371 4 1
371 36 1
371 73 1
372 42 1
372 1 1
372 2 1
372 5 0
372 4 0
373 2 0
373 5 0
373 14 0
373 8 0
373 74 0
374 2 0
374 5 1
374 9 1
374 7 1
374 18 1
375 0 0
375 22 0
375 14 0
375 12 0
375 7 0
376 2 0
376 5 0
376 14 0
376 44 0
376 37 0
377 1 0
377 5 0
377 30 0
377 50 1
377 53 0
378 2 0
378 5 0
378 12 0
378 6 0
378 24 0
379 0 0
379 30 0
379 14 1
379 9 1
379 18 1
380 2 0
380 14 0
380 8 0
380 7 0
380 36 0
381 2 0
381 22 1
381 14 1
381 29 1
381 25 1
382 2 0
382 14 1
382 28 1
382 55 1
382 75 1
383 42 0
383 2 0
383 5 0
383 8 0
383 10 0
384 0 0
384 2 0
384 22 0
384 4 1
384 35 0
385 0 0
385 5 0
385 32 0
385 4 0
385 7 0
386 42 1
386 2 0
386 5 0
386 26 0
386 46 0
387 2 0
387 5 1
387 9 1
387 4 0
387 26 0
388 0 0
388 2 0
388 14 1
388 4 0
388 24 0
389 2 0
389 5 1
389 14 0
389 63 0
389 16 0
390 2 1
390 5 0
390 12 0
390 24 0
390 26 0
391 2 0
391 5 0
391 9 0
391 18 1
391 27 0
392 0 0
392 2 0
392 3 0
392 4 0
392 7 0
393 1 0
393 2 0
393 5 0
393 14 0
393 21 0
394 1 0
394 2 0
394 5 0
394 8 0
394 13 0
395 2 0
395 5 0
395 14 0
395 9 0
395 36 0
396 22 0
396 14 0
396 8 0
396 4 0
396 26 0
397 42 0
397 2 0
397 12 0
397 7 0
397 18 0
398 0 0
398 2 1
398 5 1
398 9 0
398 68 1
399 2 0
399 5 0
399 6 1
399 9 1
399 15 1
400 0 0
400 2 0
400 30 0
400 41 0
400 24 1
401 0 0
401 2 0
401 12 0
401 52 0
401 44 0
402 5 1
402 14 1
402 34 1
402 7 1
402 18 1
403 1 1
403 2 0
403 5 0
403 10 0
403 17 0
404 0 0
404 2 0
404 5 1
404 4 0
404 18 0
405 22 1
405 30 0
405 12 1
405 28 0
405 29 0
406 0 0
406 5 1
406 30 0
406 12 1
406 24 1
407 42 0
407 2 0
407 5 0
407 24 0
407 44 0
408 42 1
408 2 0
408 5 0
408 14 0
408 13 0
409 42 1
409 2 0
409 5 0
409 14 1
409 29 0
410 1 0
410 2 0
410 5 1
410 14 1
410 4 1
411 0 0
411 22 1
411 14 1
411 12 1
411 28 1
412 2 0
412 22 0
412 14 0
412 4 0
412 41 0
413 2 0
413 5 0
413 14 0
413 3 0
413 8 0
414 2 0
414 5 0
414 9 1
414 17 1
414 11 1
415 1 1
415 5 1
415 12 0
415 45 1
415 28 1
416 0 0
416 2 0
416 3 0
416 28 0
416 13 0
417 2 0
417 5 0
417 14 0
417 12 0
417 41 0
418 2 1
418 22 1
418 5 0
418 30 1
418 8 0
419 14 1
419 9 1
419 45 1
419 7 1
419 53 0
420 5 1
420 14 1
420 8 0
420 9 1
420 34 1
421 2 0
421 5 0
421 6 0
421 4 0
421 16 0
422 1 1
422 2 0
422 22 0
422 68 1
422 44 0
423 2 0
423 22 0
423 30 0
423 10 1
423 64 1
424 2 0
424 5 0
424 14 0
424 8 1
424 44 0
425 42 0
425 1 0
425 5 0
425 3 0
425 34 0
426 42 1
426 1 0
426 2 0
426 23 0
426 24 0
427 30 0
427 34 0
427 45 0
427 28 0
427 26 0
428 22 0
428 14 0
428 12 0
428 3 0
428 9 0
429 0 0
429 2 0
429 30 0
429 8 1
429 41 0
430 1 1
430 2 0
430 14 1
430 32 0
430 17 1
431 2 0
431 5 0
431 12 0
431 9 0
431 11 0
432 1 0
432 2 0
432 5 0
432 12 0
432 9 0
433 1 0
433 2 0
433 14 0
433 52 0
433 59 0
434 1 0
434 2 0
434 5 1
434 30 0
434 24 0
435 0 0
435 2 0
435 14 1
435 3 0
435 34 1
436 0 0
436 2 0
436 14 0
436 52 0
436 18 1
437 3 0
437 23 0
437 24 0
437 28 0
437 66 0
438 0 0
438 2 0
438 14 1
438 12 0
438 9 1
439 5 0
439 4 0
439 7 0
439 29 0
439 44 0
440 0 0
440 2 0
440 14 0
440 8 0
440 13 0
441 0 0
441 1 0
441 2 0
441 5 0
441 4 0
442 2 0
442 5 0
442 55 1
442 53 0
442 64 0
443 2 0
443 5 0
443 14 1
443 32 0
443 76 0
444 2 1
444 22 1
444 5 1
444 3 1
444 75 1
445 22 0
445 30 0
445 9 1
445 7 0
445 29 0
446 2 0
446 5 0
446 9 0
446 4 0
446 34 0
447 30 0
447 14 0
447 63 0
447 44 0
447 51 0
448 1 1
448 2 0
448 8 0
448 4 0
448 52 0
449 42 1
449 2 1
449 22 1
449 5 1
449 4 1
450 5 0
450 30 0
450 24 0
450 44 0
450 53 0
451 2 0
451 6 0
451 8 0
451 4 0
451 24 0
452 2 0
452 5 0
452 14 0
452 8 0
452 4 0
453 42 1
453 5 0
453 30 0
453 14 1
453 7 0
454 2 0
454 5 0
454 9 1
454 10 0
454 16 0
455 2 0
455 5 0
455 9 1
455 4 0
455 18 0
456 2 0
456 5 0
456 6 0
456 4 0
456 41 0
457 2 0
457 5 0
457 14 0
457 10 0
457 16 0
458 0 0
458 2 1
458 5 1
458 23 1
458 36 1
459 2 0
459 5 0
459 14 0
459 34 0
459 7 0
460 1 0
460 2 0
460 5 0
460 14 0
460 59 0
461 2 0
461 5 0
461 30 0
461 7 0
461 63 0
462 42 1
462 2 0
462 22 0
462 34 0
462 13 0
463 2 0
463 5 0
463 14 0
463 8 0
463 68 0
464 2 0
464 8 1
464 4 0
464 10 1
464 24 1
465 1 1
465 2 0
465 41 0
465 34 0
465 67 0
466 0 0
466 1 0
466 5 0
466 18 0
466 48 0
467 2 0
467 5 1
467 8 0
467 7 0
467 71 0
468 2 0
468 5 1
468 10 1
468 27 0
468 16 0
469 1 1
469 2 1
469 3 1
469 29 1
469 71 1
470 2 0
470 5 1
470 9 1
470 7 0
470 27 0
471 1 1
471 2 0
471 5 1
471 33 1
471 45 1
472 2 0
472 5 0
472 14 0
472 12 0
472 56 0
473 2 0
473 12 0
473 6 0
473 3 0
473 4 0
474 1 0
474 2 0
474 12 0
474 3 1
474 34 0
475 1 1
475 22 1
475 5 0
475 24 0
475 7 1
476 2 0
476 5 1
476 14 1
476 4 1
476 39 1
477 2 0
477 5 0
477 9 0
477 10 0
477 34 1
478 5 0
478 3 1
478 7 0
478 72 0
478 56 0
479 2 0
479 5 0
479 12 0
479 7 0
479 21 0
480 2 0
480 22 0
480 5 0
480 7 0
480 62 0
481 2 1
481 5 0
481 10 1
481 44 1
481 21 1
482 2 0
482 5 0
482 30 0
482 4 0
482 20 0
483 2 1
483 30 1
483 14 1
483 13 1
483 50 1
484 2 0
484 14 1
484 12 0
484 24 0
484 7 0
485 5 0
485 4 0
485 34 0
485 24 0
485 28 0
486 0 0
486 2 0
486 14 0
486 12 1
486 10 0
487 30 0
487 3 0
487 9 0
487 4 0
487 34 0
488 2 0
488 4 0
488 23 0
488 13 0
488 17 0
489 0 0
489 2 0
489 5 1
489 8 0
489 29 0
490 1 0
490 2 0
490 5 0
490 9 1
490 34 0
491 0 0
491 2 0
491 9 0
491 4 0
491 59 0
492 14 1
492 3 1
492 7 1
492 28 0
492 61 0
493 0 0
493 1 0
493 2 0
493 14 0
493 9 0
494 5 0
494 3 0
494 34 0
494 45 0
494 7 0
495 0 0
495 2 0
495 5 1
495 8 1
495 29 1
496 2 0
496 30 0
496 14 0
496 12 0
496 34 0
497 2 0
497 5 1
497 9 0
497 4 0
497 13 0
498 2 0
498 22 0
498 5 1
498 4 0
498 34 1
499 1 0
499 2 0
499 30 0
499 10 0
499 24 0
500 0 0
500 2 0
500 5 0
500 14 1
500 10 0
501 2 0
501 5 0
501 28 0
501 18 0
501 36 0
502 2 0
502 3 0
502 4 0
502 46 0
502 71 0
503 42 1
503 2 0
503 12 1
503 13 0
503 77 1
504 22 1
504 5 1
504 24 1
504 45 1
504 78 0
505 1 1
505 2 1
505 5 1
505 12 1
505 53 1
506 0 1
506 2 1
506 5 1
506 8 1
506 9 1
507 2 0
507 6 1
507 3 0
507 13 0
507 44 0
508 42 0
508 2 1
508 5 0
508 30 0
508 9 1
509 0 0
509 1 0
509 5 0
509 14 0
509 45 0
510 0 0
510 2 0
510 6 0
510 24 0
510 13 0
511 22 0
511 5 1
511 14 1
511 8 0
511 67 1
512 2 0
512 5 0
512 8 0
512 24 0
512 7 1
513 2 0
513 14 1
513 8 0
513 52 0
513 34 0
514 1 0
514 2 0
514 4 0
514 34 0
514 24 0
515 2 0
515 5 0
515 24 0
515 45 0
515 29 0
516 2 0
516 5 0
516 9 0
516 10 0
516 33 0
517 1 0
517 2 0
517 4 0
517 10 0
517 29 0
518 2 0
518 22 1
518 5 1
518 12 1
518 36 1
519 2 0
519 5 1
519 8 1
519 4 1
519 24 0
520 1 0
520 5 0
520 30 0
520 24 0
520 7 0
521 0 0
521 1 1
521 2 0
521 17 1
521 79 1
522 2 0
522 14 0
522 6 0
522 4 0
522 33 0
523 2 1
523 22 0
523 30 0
523 14 1
523 18 0
524 0 0
524 2 0
524 14 0
524 9 0
524 29 0
525 2 0
525 5 0
525 30 0
525 8 0
525 65 0
526 2 0
526 22 0
526 5 0
526 14 0
526 9 0
527 2 0
527 30 0
527 14 0
527 8 0
527 24 0
528 2 0
528 14 0
528 12 0
528 4 1
528 20 0
529 5 1
529 30 0
529 12 1
529 34 1
529 55 1
530 1 0
530 2 0
530 5 0
530 8 0
530 20 0
531 2 0
531 5 0
531 4 0
531 28 0
531 29 0
532 2 0
532 5 0
532 14 0
532 8 0
532 10 0
533 1 0
533 2 0
533 30 0
533 4 0
533 26 0
534 2 0
534 9 1
534 24 0
534 7 0
534 29 0
535 2 1
535 5 1
535 3 1
535 8 1
535 50 1
536 1 1
536 2 0
536 9 1
536 34 1
536 29 1
537 2 0
537 22 0
537 14 1
537 10 0
537 24 0
538 1 0
538 2 0
538 22 0
538 12 0
538 4 0
539 14 1
539 24 0
539 55 1
539 36 0
539 29 0
540 5 0
540 30 0
540 12 0
540 3 1
540 45 0
541 2 1
541 5 1
541 3 1
541 7 1
541 36 1
542 2 0
542 3 0
542 4 0
542 24 0
542 55 0
543 0 0
543 5 1
543 3 0
543 36 1
543 63 1
544 2 1
544 5 1
544 14 1
544 44 1
544 35 1
545 2 0
545 5 1
545 14 1
545 18 1
545 27 0
546 42 1
546 2 0
546 5 1
546 14 1
546 55 1
547 2 0
547 22 0
547 14 0
547 12 0
547 9 0
548 1 0
548 2 0
548 30 0
548 12 0
548 36 0
549 22 0
549 5 0
549 14 1
549 3 0
549 8 1
550 2 0
550 5 0
550 9 0
550 10 0
550 45 0
551 2 0
551 22 1
551 5 1
551 6 1
551 34 1
552 0 0
552 41 0
552 7 0
552 44 0
552 59 0
553 1 1
553 2 1
553 14 0
553 52 0
553 7 1
554 0 0
554 3 0
554 24 1
554 45 1
554 59 1
555 0 0
555 5 0
555 14 0
555 9 0
555 44 0
556 1 0
556 2 0
556 30 0
556 8 0
556 28 0
557 5 0
557 14 0
557 8 0
557 9 0
557 34 0
558 2 1
558 5 1
558 3 1
558 9 1
558 4 0
559 2 0
559 5 1
559 6 0
559 52 0
559 36 0
560 2 0
560 5 0
560 30 0
560 3 0
560 8 0
561 0 0
561 22 0
561 12 0
561 32 0
561 7 0
562 2 0
562 5 0
562 4 0
562 36 0
562 44 1
563 22 0
563 8 0
563 9 1
563 7 0
563 44 0
564 2 0
564 32 0
564 23 0
564 45 0
564 29 0
565 42 1
565 5 0
565 12 1
565 45 1
565 59 1
566 2 0
566 22 0
566 8 1
566 9 0
566 4 1
567 0 0
567 22 0
567 12 1
567 24 1
567 45 1
568 2 0
568 5 1
568 4 1
568 41 1
568 29 1
569 1 0
569 2 0
569 30 0
569 14 0
569 17 0
570 2 0
570 5 0
570 3 0
570 23 0
570 7 0
571 1 0
571 2 0
571 5 0
571 14 1
571 8 0
572 0 0
572 1 1
572 2 0
572 4 1
572 44 0
573 42 1
573 2 0
573 34 1
573 36 1
573 67 1
574 1 0
574 2 0
574 5 0
574 14 1
574 18 0
575 5 0
575 14 0
575 3 0
575 9 0
575 23 0
576 42 0
576 22 0
576 34 0
576 24 0
576 56 1
577 22 0
577 3 1
577 32 0
577 13 0
577 18 0
578 1 1
578 30 1
578 14 1
578 28 1
578 46 1
579 2 0
579 5 0
579 3 0
579 8 0
579 18 0
580 2 0
580 30 0
580 12 0
580 4 0
580 20 0
581 0 0
581 2 0
581 14 1
581 44 1
581 21 1
582 2 0
582 5 0
582 12 0
582 3 0
582 18 1
583 0 0
583 2 1
583 8 0
583 7 1
583 55 1
584 42 1
584 5 0
584 14 0
584 9 0
584 18 0
585 1 0
585 2 0
585 5 1
585 4 0
585 28 0
586 2 0
586 22 0
586 8 0
586 10 0
586 44 0
587 1 0
587 2 0
587 5 1
587 24 1
587 48 1
588 5 1
588 24 1
588 45 1
588 28 1
588 36 1
589 2 0
589 5 0
589 9 0
589 7 0
589 39 0
590 1 0
590 2 0
590 5 0
590 27 0
590 21 0
591 0 0
591 2 0
591 5 0
591 6 0
591 18 1
592 2 0
592 5 0
592 8 0
592 24 0
592 56 1
593 42 0
593 2 0
593 22 0
593 7 0
593 44 0
594 2 0
594 5 1
594 24 1
594 16 0
594 38 0
595 2 0
595 5 0
595 14 0
595 4 0
595 13 0
596 42 0
596 1 0
596 2 0
596 5 0
596 30 0
597 1 0
597 5 0
597 30 0
597 12 0
597 24 0
598 2 0
598 8 0
598 4 0
598 24 0
598 7 0
599 2 0
599 5 0
599 9 0
599 4 0
599 55 1
600 5 0
600 34 0
600 36 0
600 29 0
600 46 0
601 0 0
601 2 0
601 5 0
601 9 0
601 10 1
602 2 0
602 4 1
602 23 1
602 34 1
602 29 1
603 0 1
603 42 0
603 1 0
603 5 0
603 14 0
604 1 0
604 2 0
604 5 0
604 8 0
604 10 0
605 2 0
605 5 1
605 14 0
605 8 1
605 4 1
606 2 0
606 22 0
606 14 0
606 32 0
606 52 0
607 2 0
607 5 1
607 14 0
607 4 0
607 67 0
608 5 1
608 30 1
608 12 1
608 8 1
608 9 1
609 5 1
609 14 1
609 9 1
609 36 1
609 66 1
610 42 1
610 2 0
610 14 0
610 55 0
610 59 1
611 42 0
611 2 0
611 22 0
611 4 0
611 7 0
612 2 0
612 14 0
612 8 0
612 9 0
612 13 0
613 1 0
613 2 0
613 5 0
613 9 0
613 11 0
614 2 0
614 5 1
614 14 1
614 4 1
614 19 1
615 2 0
615 22 0
615 30 0
615 12 0
615 67 0
616 2 0
616 30 0
616 14 0
616 8 0
616 13 0
617 2 0
617 4 1
617 45 1
617 63 1
617 51 1
618 2 0
618 5 1
618 9 1
618 4 0
618 24 0
619 2 1
619 5 0
619 34 1
619 18 1
619 29 0
620 0 0
620 42 0
620 30 0
620 50 0
620 46 0
621 1 0
621 2 0
621 5 0
621 33 0
621 21 0
622 1 0
622 2 0
622 5 0
622 14 0
622 9 1
623 2 0
623 14 1
623 4 1
623 24 0
623 39 1
624 5 1
624 32 0
624 9 0
624 55 0
624 18 0
625 2 0
625 5 0
625 14 0
625 6 0
625 27 0
626 42 0
626 2 0
626 5 0
626 4 0
626 27 0
627 2 0
627 22 0
627 5 0
627 4 0
627 19 1
628 2 0
628 5 0
628 3 1
628 9 1
628 4 0
629 2 0
629 5 0
629 9 1
629 4 0
629 27 0
630 2 0
630 5 0
630 14 1
630 4 0
630 41 0
631 2 0
631 22 0
631 14 1
631 4 0
631 44 1
632 2 0
632 5 0
632 3 0
632 4 0
632 21 0
633 2 0
633 5 0
633 14 0
633 7 1
633 26 0
634 1 0
634 2 0
634 5 1
634 12 1
634 8 0
635 2 0
635 5 1
635 12 1
635 4 1
635 10 0
636 1 0
636 14 0
636 36 0
636 44 0
636 46 0
637 1 0
637 2 0
637 30 0
637 49 0
637 59 1
638 0 0
638 22 0
638 5 0
638 12 0
638 9 0
639 1 1
639 3 1
639 34 1
639 24 0
639 66 0
640 2 0
640 5 0
640 14 1
640 8 1
640 59 0
641 2 0
641 5 0
641 30 0
641 9 0
641 36 0
642 1 0
642 2 0
642 14 0
642 3 0
642 4 0
643 0 0
643 1 1
643 14 1
643 34 1
643 36 1
644 2 0
644 34 1
644 24 1
644 7 1
644 63 1
645 2 0
645 4 0
645 7 0
645 17 0
645 18 0
646 2 0
646 5 0
646 32 0
646 54 0
646 18 0
647 42 1
647 5 1
647 24 0
647 44 0
647 46 1
648 14 0
648 6 0
648 4 0
648 41 0
648 46 0
649 0 0
649 2 1
649 5 1
649 30 1
649 9 1
650 0 0
650 2 0
650 5 0
650 6 1
650 46 0
651 2 0
651 14 0
651 52 0
651 13 0
651 35 0
652 2 0
652 14 0
652 4 0
652 24 0
652 67 0
653 2 1
653 4 1
653 34 1
653 24 1
653 13 1
654 0 0
654 2 0
654 9 1
654 41 0
654 7 0
655 2 0
655 5 0
655 14 1
655 10 0
655 50 0
656 1 0
656 2 0
656 5 0
656 9 1
656 80 0
657 0 0
657 5 1
657 14 1
657 36 1
657 48 0
658 0 0
658 2 0
658 5 0
658 7 0
658 28 0
659 0 0
659 22 0
659 7 0
659 63 0
659 48 0
660 0 0
660 22 0
660 14 0
660 9 0
660 41 0
661 0 0
661 42 0
661 14 0
661 9 0
661 7 0
662 2 0
662 22 1
662 8 1
662 33 1
662 24 1
663 1 1
663 2 0
663 22 1
663 12 0
663 44 0
664 2 0
664 5 0
664 10 0
664 26 0
664 27 0
665 2 0
665 14 0
665 4 0
665 34 0
665 24 0
666 2 0
666 5 0
666 32 0
666 10 0
666 29 1
667 2 0
667 22 1
667 5 1
667 4 1
667 59 1
668 2 0
668 8 0
668 4 0
668 24 0
668 17 0
669 2 0
669 5 0
669 12 0
669 4 0
669 24 0
670 1 1
670 2 0
670 5 1
670 10 1
670 19 1
671 5 0
671 14 1
671 12 0
671 9 1
671 51 1
672 1 1
672 2 0
672 5 1
672 14 1
672 29 1
673 2 0
673 5 1
673 9 1
673 10 1
673 24 1
674 1 1
674 2 0
674 5 0
674 14 1
674 4 0
675 0 0
675 2 1
675 14 1
675 9 1
675 7 1
676 0 0
676 2 0
676 22 0
676 5 0
676 34 0
677 2 0
677 22 1
677 5 1
677 8 0
677 55 0
678 2 0
678 5 0
678 14 1
678 3 0
678 47 0
679 2 0
679 4 0
679 10 0
679 26 0
679 27 0
680 1 1
680 2 0
680 14 1
680 24 1
680 28 1
681 2 0
681 5 0
681 3 0
681 9 0
681 13 0
682 2 0
682 22 1
682 5 1
682 10 1
682 13 1
683 2 0
683 5 0
683 6 1
683 9 1
683 26 0
684 2 0
684 5 1
684 14 1
684 9 1
684 28 1
685 0 0
685 5 0
685 14 0
685 34 0
685 36 0
686 2 0
686 14 1
686 6 0
686 4 1
686 19 1
687 5 0
687 14 0
687 12 0
687 3 0
687 7 0
688 0 0
688 2 0
688 12 0
688 8 0
688 7 0
689 2 0
689 5 1
689 8 0
689 7 0
689 46 0
690 2 0
690 5 1
690 8 0
690 9 0
690 39 0
691 2 0
691 12 0
691 9 1
691 24 0
691 53 0
692 2 0
692 22 1
692 30 1
692 3 1
692 36 1
693 2 0
693 9 0
693 4 0
693 7 0
693 44 0
694 42 0
694 2 0
694 5 0
694 14 0
694 9 0
695 5 0
695 14 1
695 3 1
695 8 0
695 7 1
696 2 0
696 5 0
696 30 0
696 4 0
696 18 0
697 0 0
697 2 0
697 5 0
697 30 0
697 12 0
698 2 0
698 22 0
698 5 0
698 14 0
698 6 0
699 0 0
699 1 0
699 5 0
699 9 0
699 4 0
700 2 0
700 22 0
700 4 0
700 34 0
700 62 0
701 2 0
701 5 1
701 34 0
701 13 0
701 47 1
702 2 0
702 5 0
702 9 1
702 4 0
702 27 0
703 2 0
703 14 0
703 45 0
703 29 0
703 51 0
704 2 0
704 5 0
704 12 0
704 8 0
704 17 0
705 2 0
705 5 0
705 8 0
705 4 0
705 29 0
706 1 0
706 2 1
706 5 1
706 12 1
706 34 1
707 2 0
707 5 1
707 6 1
707 26 1
707 18 0
708 22 0
708 30 0
708 14 0
708 4 0
708 55 0
709 2 0
709 14 0
709 8 0
709 9 1
709 53 1
710 1 0
710 22 0
710 5 0
710 14 1
710 59 0
711 0 1
711 1 1
711 22 1
711 52 1
711 28 1
712 2 0
712 14 0
712 3 0
712 9 0
712 13 0
713 2 0
713 22 0
713 30 0
713 14 0
713 10 0
714 1 0
714 2 0
714 5 0
714 14 0
714 55 1
715 2 1
715 14 1
715 8 1
715 9 1
715 36 1
716 1 0
716 22 0
716 5 0
716 14 1
716 28 0
717 0 0
717 1 0
717 2 0
717 14 0
717 3 0
718 2 0
718 5 0
718 14 1
718 4 0
718 24 1
719 2 0
719 5 0
719 14 0
719 8 0
719 26 0
720 0 0
720 1 0
720 5 0
720 3 0
720 24 0
721 2 0
721 5 0
721 14 0
721 8 0
721 13 0
722 42 1
722 2 0
722 5 0
722 9 1
722 27 0
723 1 0
723 2 0
723 5 0
723 4 0
723 10 0
724 0 0
724 2 0
724 5 0
724 8 0
724 9 1
725 2 1
725 5 1
725 8 1
725 45 1
725 18 1
726 42 0
726 2 0
726 5 0
726 13 0
726 29 0
727 42 1
727 5 1
727 14 1
727 36 1
727 62 1
728 2 0
728 5 0
728 14 0
728 3 0
728 13 0
729 12 1
729 34 1
729 36 1
729 63 1
729 29 1
730 1 0
730 2 0
730 5 1
730 24 0
730 62 0
731 1 0
731 22 0
731 5 1
731 14 1
731 3 0
732 1 0
732 2 0
732 4 0
732 10 0
732 26 0
733 2 1
733 22 0
733 5 1
733 3 0
733 16 0
734 2 0
734 5 0
734 30 0
734 14 0
734 16 0
735 2 0
735 30 0
735 14 0
735 4 0
735 48 0
736 5 0
736 3 0
736 32 0
736 9 0
736 41 0
737 2 0
737 14 0
737 9 1
737 24 0
737 29 0
738 0 0
738 2 1
738 5 1
738 14 1
738 29 1
739 2 0
739 22 0
739 5 0
739 3 0
739 44 0
740 42 1
740 2 0
740 14 1
740 3 0
740 4 0
741 0 0
741 1 0
741 2 0
741 8 0
741 24 0
742 1 0
742 2 0
742 22 0
742 14 0
742 8 0
743 0 0
743 2 0
743 14 1
743 12 1
743 68 1
744 2 0
744 12 0
744 6 0
744 8 0
744 63 0
745 0 0
745 2 0
745 5 1
745 9 1
745 4 1
746 42 0
746 1 0
746 14 0
746 56 1
746 59 0
747 2 1
747 3 0
747 4 0
747 34 0
747 24 0
748 5 1
748 30 1
748 8 1
748 4 1
748 7 1
749 2 0
749 14 0
749 3 0
749 7 0
749 44 0
750 0 0
750 2 1
750 5 1
750 14 1
750 8 0
751 2 0
751 5 0
751 8 0
751 4 0
751 44 0
752 2 0
752 30 0
752 4 0
752 27 0
752 16 0
753 2 1
753 12 1
753 34 1
753 7 1
753 36 1
754 1 0
754 2 0
754 9 1
754 4 0
754 70 0
755 2 0
755 30 0
755 14 0
755 9 1
755 13 0
756 2 0
756 14 0
756 8 0
756 24 0
756 47 0
757 2 0
757 22 0
757 4 0
757 39 0
757 80 1
758 1 1
758 5 1
758 34 1
758 24 1
758 46 1
759 2 0
759 5 0
759 14 0
759 4 0
759 55 0
760 2 0
760 5 0
760 8 0
760 13 0
760 44 0
761 42 1
761 2 0
761 5 0
761 12 1
761 24 0
762 1 1
762 2 0
762 34 1
762 24 1
762 21 1
763 1 1
763 2 0
763 22 1
763 5 1
763 32 0
764 2 0
764 22 0
764 5 0
764 58 0
764 81 0
765 2 0
765 5 0
765 9 1
765 4 0
765 44 0
766 2 0
766 5 0
766 6 0
766 8 0
766 10 0
767 2 0
767 5 0
767 6 0
767 8 0
767 4 0
768 42 1
768 2 0
768 30 1
768 34 1
768 7 1
769 0 1
769 2 0
769 10 0
769 19 0
769 38 0
770 2 0
770 5 1
770 6 1
770 4 0
770 7 1
771 2 0
771 22 0
771 14 0
771 10 0
771 24 0
772 2 0
772 5 0
772 9 0
772 52 0
772 26 0
773 22 1
773 5 1
773 8 1
773 4 0
773 44 0
774 0 0
774 2 0
774 5 1
774 14 1
774 44 1
775 2 0
775 5 1
775 14 1
775 13 0
775 15 1
776 2 0
776 22 0
776 5 0
776 14 0
776 9 0
777 1 0
777 2 0
777 5 0
777 3 0
777 44 0
778 1 1
778 2 0
778 5 1
778 9 1
778 4 1
779 2 0
779 5 0
779 14 0
779 6 0
779 3 0
780 1 1
780 2 0
780 5 1
780 4 0
780 35 1
781 2 0
781 5 0
781 9 1
781 10 1
781 82 0
782 2 0
782 8 0
782 9 0
782 29 0
782 70 0
783 2 0
783 14 0
783 12 0
783 4 0
783 33 0
784 2 0
784 5 0
784 14 0
784 8 0
784 26 0
785 2 0
785 5 1
785 6 0
785 52 0
785 35 0
786 2 0
786 5 0
786 9 0
786 10 0
786 26 0
787 1 0
787 2 0
787 5 0
787 4 0
787 26 0
788 1 0
788 2 0
788 30 0
788 14 0
788 24 0
789 2 0
789 5 0
789 4 0
789 27 0
789 16 0
790 2 0
790 30 0
790 12 0
790 3 0
790 8 0
791 2 0
791 5 1
791 14 0
791 10 0
791 24 0
792 2 0
792 5 1
792 6 0
792 21 1
792 39 1
793 2 0
793 5 0
793 9 1
793 4 0
793 16 1
794 1 0
794 2 0
794 5 0
794 4 0
794 16 1
795 2 0
795 5 1
795 8 1
795 4 1
795 10 1
796 2 0
796 5 0
796 6 0
796 10 0
796 82 0
797 2 0
797 5 0
797 8 1
797 4 0
797 10 1
798 2 0
798 4 1
798 10 0
798 13 0
798 18 0
799 2 0
799 5 0
799 9 1
799 10 0
799 16 0
800 2 0
800 5 0
800 14 0
800 4 0
800 13 0
801 5 0
801 30 0
801 12 0
801 9 0
801 34 0
802 2 0
802 5 0
802 6 1
802 23 0
802 82 1
803 2 0
803 5 1
803 14 0
803 8 0
803 4 0
804 2 0
804 5 1
804 9 0
804 4 1
804 38 0
805 2 0
805 5 0
805 14 0
805 4 0
805 13 0
806 2 0
806 5 0
806 14 0
806 8 0
806 10 0
807 1 1
807 2 0
807 14 1
807 24 0
807 21 1
808 2 0
808 5 0
808 14 1
808 8 0
808 10 0
809 2 0
809 5 0
809 8 0
809 10 0
809 20 0
810 2 0
810 5 1
810 9 0
810 26 0
810 27 0
811 2 1
811 5 1
811 14 1
811 4 1
811 52 1
812 2 0
812 5 0
812 6 0
812 4 0
812 19 0
813 2 0
813 5 0
813 9 1
813 17 1
813 16 0
814 2 0
814 5 1
814 10 1
814 35 1
814 16 1
815 2 0
815 14 1
815 8 0
815 13 0
815 19 0
816 1 0
816 2 0
816 14 0
816 9 0
816 4 0
817 1 1
817 2 0
817 5 0
817 6 0
817 10 0
818 1 1
818 2 0
818 5 0
818 6 0
818 18 1
819 2 0
819 5 0
819 14 0
819 6 0
819 4 0
820 2 0
820 5 0
820 14 0
820 13 0
820 17 0
821 2 0
821 5 0
821 14 0
821 4 0
821 10 0
822 2 0
822 5 0
822 9 1
822 4 0
822 39 1
823 2 1
823 5 1
823 4 1
823 33 1
823 17 1
824 2 0
824 14 0
824 6 0
824 10 1
824 17 0
825 2 0
825 5 1
825 14 0
825 4 0
825 10 1
826 2 0
826 5 0
826 10 0
826 26 0
826 27 0
827 2 0
827 14 0
827 6 0
827 8 1
827 4 0
828 2 0
828 14 0
828 8 0
828 43 0
828 17 0
829 2 0
829 5 1
829 6 1
829 4 1
829 24 1
830 2 0
830 5 0
830 4 0
830 18 1
830 11 0
831 1 0
831 2 0
831 5 0
831 8 0
831 18 1
832 1 1
832 2 0
832 5 0
832 26 1
832 16 1
833 2 1
833 5 1
833 8 1
833 4 0
833 16 1
834 2 0
834 5 1
834 10 1
834 34 1
834 17 1
835 2 0
835 5 1
835 9 0
835 29 1
835 16 1
836 2 0
836 5 0
836 4 0
836 10 0
836 17 0
837 2 0
837 8 1
837 9 1
837 10 1
837 48 1
838 2 0
838 5 0
838 10 0
838 11 0
838 19 0
839 2 0
839 8 1
839 4 1
839 10 1
839 20 1
840 2 0
840 5 1
840 6 0
840 9 0
840 18 1
841 2 0
841 5 0
841 8 0
841 9 0
841 4 0
842 1 0
842 2 0
842 5 0
842 8 0
842 10 0
843 2 0
843 5 0
843 6 0
843 9 1
843 26 0
844 2 0
844 5 0
844 9 1
844 4 1
844 19 1
845 2 0
845 5 0
845 14 0
845 8 0
845 35 0
846 2 0
846 4 0
846 33 1
846 13 1
846 18 1
847 2 0
847 5 1
847 4 1
847 10 1
847 26 0
848 2 0
848 5 0
848 14 0
848 9 0
848 18 0
849 2 0
849 5 0
849 14 0
849 29 0
849 19 0
850 2 0
850 14 0
850 6 0
850 9 1
850 16 0
851 2 0
851 5 0
851 6 0
851 26 0
851 13 0
852 2 0
852 5 0
852 14 0
852 8 1
852 27 0
853 2 0
853 6 0
853 8 0
853 26 0
853 13 0
854 2 0
854 5 0
854 8 0
854 9 1
854 47 0
855 2 0
855 5 0
855 4 0
855 26 0
855 27 0
856 1 1
856 2 0
856 30 0
856 4 0
856 52 0
857 2 0
857 14 1
857 8 0
857 10 0
857 11 0
858 2 0
858 5 0
858 6 0
858 17 0
858 27 0
859 2 0
859 5 1
859 10 1
859 20 0
859 16 0
860 2 0
860 5 0
860 4 0
860 17 0
860 27 0
861 1 0
861 2 0
861 5 0
861 4 0
861 10 0
862 2 0
862 5 0
862 17 0
862 18 0
862 21 0
863 2 0
863 5 0
863 14 0
863 4 0
863 13 0
864 2 0
864 5 0
864 4 0
864 10 0
864 26 0
865 2 0
865 9 0
865 4 0
865 10 0
865 26 0
866 2 1
866 5 0
866 6 0
866 10 0
866 26 0
867 2 0
867 5 0
867 7 0
867 26 0
867 29 0
868 2 0
868 5 0
868 9 0
868 27 0
868 16 0
869 1 1
869 2 0
869 5 0
869 6 0
869 10 0
870 2 0
870 5 1
870 4 0
870 18 1
870 19 1
871 2 0
871 5 0
871 14 0
871 9 0
871 21 0
872 2 0
872 5 0
872 8 0
872 9 0
872 10 0
873 2 0
873 5 1
873 9 1
873 27 0
873 35 1
874 2 0
874 6 0
874 8 0
874 4 0
874 16 1
875 1 1
875 2 0
875 5 1
875 9 0
875 4 1
876 2 1
876 9 1
876 4 1
876 13 1
876 18 1
877 2 0
877 5 0
877 6 0
877 27 0
877 39 1
878 1 1
878 2 0
878 5 1
878 8 0
878 10 1
879 2 0
879 5 0
879 6 0
879 4 0
879 13 0
880 2 0
880 14 1
880 8 0
880 4 0
880 17 0
881 2 0
881 5 0
881 6 0
881 8 0
881 13 1
882 2 0
882 5 0
882 10 1
882 26 0
882 16 0
883 2 0
883 5 0
883 8 0
883 10 0
883 13 0
884 2 0
884 5 1
884 6 1
884 10 1
884 19 1
885 1 0
885 2 0
885 5 0
885 8 0
885 9 1
886 2 0
886 5 0
886 14 0
886 6 0
886 9 1
887 2 0
887 8 1
887 9 1
887 10 1
887 16 1
888 2 0
888 14 0
888 10 0
888 33 0
888 80 1
889 2 0
889 5 0
889 32 0
889 24 0
889 63 0
890 1 0
890 2 0
890 5 0
890 8 0
890 4 0
891 2 0
891 5 1
891 6 0
891 4 0
891 16 0
892 2 0
892 5 1
892 14 1
892 17 1
892 19 1
893 2 0
893 14 0
893 6 0
893 4 0
893 27 0
894 2 0
894 5 0
894 9 1
894 16 0
894 39 0
895 2 0
895 5 0
895 4 0
895 26 0
895 17 0
896 2 0
896 9 1
896 10 0
896 27 0
896 21 0
897 2 0
897 5 1
897 9 1
897 4 0
897 18 1
898 2 0
898 5 1
898 9 1
898 4 0
898 27 1
899 2 0
899 8 0
899 52 0
899 29 0
899 21 0
900 2 0
900 8 0
900 4 0
900 10 0
900 39 0
901 2 0
901 5 0
901 8 0
901 9 0
901 10 0
902 2 0
902 6 1
902 4 0
902 10 0
902 35 0
903 2 0
903 5 0
903 14 0
903 10 1
903 11 1
904 2 0
904 4 0
904 18 0
904 29 0
904 16 0
905 2 1
905 14 1
905 10 1
905 13 1
905 27 1
906 2 0
906 5 0
906 4 0
906 10 0
906 18 0
907 2 0
907 5 1
907 8 1
907 13 1
907 21 1
908 2 0
908 5 1
908 18 0
908 29 1
908 16 1
909 2 0
909 5 0
909 8 0
909 9 0
909 27 0
910 2 0
910 5 0
910 10 1
910 26 0
910 27 1
911 2 0
911 5 0
911 26 0
911 16 0
911 21 1
912 2 0
912 5 1
912 14 1
912 9 1
912 27 1
913 2 0
913 5 0
913 14 0
913 9 1
913 4 0
914 2 0
914 5 0
914 8 0
914 10 0
914 33 0
915 2 0
915 5 0
915 9 0
915 10 0
915 35 0
916 2 0
916 5 0
916 6 0
916 10 0
916 27 0
917 2 0
917 5 1
917 14 1
917 4 1
917 16 1
918 1 0
918 2 0
918 5 0
918 10 1
918 33 0
919 2 0
919 5 1
919 14 1
919 4 0
919 27 0
920 2 0
920 5 0
920 9 1
920 17 0
920 18 1
921 2 0
921 26 0
921 27 1
921 48 0
921 35 0
922 1 0
922 2 0
922 14 0
922 20 0
922 37 0
923 2 0
923 5 0
923 14 0
923 6 1
923 20 0
924 2 0
924 5 0
924 26 0
924 18 0
924 35 0
925 2 0
925 14 0
925 8 1
925 10 0
925 27 0
926 2 0
926 5 0
926 10 0
926 11 1
926 16 0
927 2 0
927 5 0
927 8 1
927 33 1
927 26 1
928 2 0
928 5 1
928 14 1
928 9 1
928 10 0
929 2 0
929 5 0
929 8 0
929 9 0
929 35 0
930 2 0
930 14 0
930 8 0
930 26 0
930 39 1
931 2 0
931 5 0
931 6 0
931 8 0
931 26 0
932 2 0
932 5 0
932 14 0
932 10 0
932 16 0
933 1 0
933 2 0
933 5 0
933 4 0
933 10 0
934 2 0
934 5 0
934 6 0
934 4 0
934 10 1
935 2 0
935 5 0
935 6 0
935 8 0
935 19 0
936 2 1
936 8 0
936 33 1
936 37 1
936 19 1
937 2 0
937 5 1
937 14 0
937 8 0
937 4 0
938 2 0
938 5 0
938 9 0
938 4 0
938 20 0
939 2 0
939 5 0
939 9 0
939 33 0
939 26 0
940 2 0
940 5 0
940 9 0
940 10 0
940 38 0
941 2 1
941 5 0
941 9 0
941 26 1
941 38 0
942 2 0
942 5 0
942 8 0
942 4 0
942 10 0
943 2 0
943 4 0
943 52 0
943 17 0
943 27 0
944 2 0
944 5 0
944 8 0
944 26 0
944 17 0
945 2 0
945 5 0
945 14 1
945 4 0
945 27 0
946 2 0
946 5 0
946 8 1
946 4 1
946 10 0
947 2 0
947 5 0
947 4 0
947 26 0
947 39 0
948 2 0
948 9 0
948 4 0
948 27 0
948 16 0
949 2 0
949 5 0
949 6 0
949 9 0
949 18 0
950 2 0
950 5 0
950 9 1
950 10 0
950 17 0
951 2 0
951 5 0
951 14 1
951 6 1
951 16 0
952 2 0
952 5 0
952 8 0
952 10 0
952 39 1
953 2 0
953 5 0
953 8 0
953 4 0
953 10 0
954 1 0
954 2 0
954 4 0
954 10 0
954 18 0
955 2 0
955 5 0
955 4 0
955 13 0
955 27 0
956 2 0
956 14 1
956 12 0
956 24 0
956 7 0
957 2 0
957 5 0
957 14 0
957 9 0
957 18 0
958 2 0
958 5 0
958 6 0
958 8 0
958 16 0
959 2 0
959 5 0
959 8 0
959 17 0
959 27 0
960 2 0
960 8 0
960 4 0
960 10 0
960 21 1
961 2 1
961 5 1
961 4 0
961 17 1
961 19 1
962 2 0
962 5 0
962 9 0
962 18 0
962 35 0
963 2 0
963 5 0
963 4 0
963 10 0
963 80 0
964 2 1
964 5 1
964 8 1
964 10 1
964 18 0
965 2 0
965 5 0
965 8 0
965 4 0
965 38 0
966 2 0
966 5 1
966 8 1
966 9 1
966 39 1
967 2 0
967 5 0
967 4 0
967 10 0
967 11 0
968 2 0
968 5 0
968 27 0
968 16 0
968 39 0
969 2 1
969 5 1
969 14 1
969 4 1
969 10 1
970 2 0
970 5 0
970 14 0
970 8 0
970 17 0
971 1 1
971 2 0
971 5 1
971 8 0
971 9 1
972 2 0
972 5 1
972 8 1
972 4 1
972 10 1
973 2 0
973 5 1
973 14 0
973 6 0
973 4 0
974 2 0
974 5 0
974 9 1
974 4 0
974 33 0
975 2 0
975 5 0
975 8 0
975 10 0
975 35 0
976 2 0
976 6 0
976 4 0
976 27 0
976 16 0
977 2 0
977 5 1
977 9 1
977 4 0
977 18 0
978 2 0
978 5 1
978 8 0
978 26 1
978 35 1
979 2 0
979 5 0
979 14 0
979 4 0
979 10 0
980 2 0
980 5 1
980 9 1
980 4 0
980 16 1
981 2 0
981 5 0
981 14 0
981 10 0
981 27 0
982 2 0
982 5 0
982 10 0
982 16 0
982 19 0
983 2 0
983 5 0
983 9 1
983 10 0
983 16 0
984 1 1
984 2 0
984 5 1
984 6 1
984 11 1
985 2 0
985 5 1
985 17 1
985 18 0
985 16 1
986 2 0
986 5 0
986 6 0
986 10 0
986 27 0
987 1 0
987 2 0
987 5 0
987 8 0
987 9 1
988 2 0
988 5 1
988 14 0
988 4 0
988 18 0
989 1 1
989 2 0
989 14 1
989 10 0
989 70 1
990 2 0
990 14 0
990 9 1
990 10 1
990 18 1
991 2 0
991 5 0
991 14 0
991 6 0
991 4 0
992 2 0
992 5 0
992 6 0
992 10 0
992 16 0
993 2 0
993 5 0
993 9 0
993 10 0
993 26 0
994 2 0
994 5 0
994 4 0
994 26 0
994 19 0
995 2 0
995 5 1
995 14 1
995 16 1
995 39 1
996 2 0
996 5 0
996 14 1
996 10 0
996 18 1
997 2 0
997 14 0
997 6 0
997 27 0
997 16 0
998 2 0
998 5 0
998 9 0
998 4 0
998 17 0
999 2 0
999 5 0
999 9 1
999 4 0
999 16 0