9600 53 240 0.5
0 0 1
0 1 1
0 2 0
0 3 1
0 4 0
0 5 0
0 6 1
0 7 1
0 8 1
0 9 0
0 10 0
0 11 0
0 12 0
0 13 0
0 14 0
0 15 1
0 16 1
0 17 1
0 18 0
0 19 1
0 20 1
0 21 1
0 22 1
0 23 1
0 24 0
0 25 0
0 26 0
0 27 1
0 28 0
0 29 1
0 30 1
0 31 1
0 32 1
0 33 1
0 34 1
0 35 0
0 36 1
0 37 0
0 38 1
0 39 0
1 0 1
1 1 1
1 2 0
1 3 0
1 4 0
1 5 0
1 6 0
1 7 1
1 8 0
1 9 0
1 10 0
1 11 0
1 12 0
1 13 0
1 14 0
1 15 0
1 16 0
1 17 1
1 18 0
1 19 0
1 20 0
1 21 1
1 22 0
1 23 1
1 24 0
1 25 0
1 26 0
1 27 0
1 28 1
1 29 0
1 30 1
1 31 1
1 32 0
1 33 0
1 34 0
1 35 0
1 36 1
1 37 0
1 38 0
1 39 0
2 0 1
2 1 1
2 2 0
2 3 0
2 4 0
2 5 0
2 6 0
2 7 0
2 8 1
2 9 0
2 10 0
2 11 0
2 12 0
2 13 0
2 14 0
2 15 0
2 16 1
2 17 1
2 18 0
2 19 0
2 20 1
2 21 0
2 22 0
2 23 0
2 24 0
2 25 0
2 26 0
2 27 0
2 28 0
2 29 0
2 30 1
2 31 0
2 32 0
2 33 0
2 34 0
2 35 0
2 36 1
2 37 0
2 38 0
2 39 0
3 0 1
3 1 1
3 4 0
3 5 0
3 6 0
3 7 0
3 8 0
3 9 0
3 10 0
3 11 0
3 12 0
3 13 0
3 14 0
3 15 0
3 16 1
3 17 1
3 18 0
3 19 0
3 20 0
3 21 0
3 22 0
3 23 0
3 24 0
3 25 0
3 26 0
3 28 1
3 29 0
3 30 1
3 31 0
3 32 1
3 33 0
3 34 0
3 35 0
3 37 0
3 39 0
3 40 0
3 41 0
3 42 1
3 43 1
3 44 0
4 0 1
4 1 1
4 4 1
4 5 1
4 6 1
4 7 1
4 8 1
4 9 1
4 10 0
4 11 1
4 12 1
4 13 1
4 14 1
4 15 1
4 16 1
4 17 1
4 18 1
4 19 1
4 20 1
4 21 1
4 22 1
4 23 1
4 24 1
4 25 1
4 26 1
4 28 1
4 29 1
4 30 1
4 31 1
4 32 1
4 33 1
4 34 1
4 35 1
4 37 1
4 39 1
4 40 1
4 41 1
4 42 1
4 43 1
4 44 1
5 0 1
5 1 1
5 4 1
5 5 1
5 6 1
5 7 1
5 8 1
5 9 1
5 10 1
5 11 1
5 12 1
5 13 1
5 14 1
5 15 1
5 16 1
5 17 1
5 18 1
5 19 1
5 20 1
5 21 1
5 22 1
5 23 1
5 24 0
5 25 1
5 26 1
5 28 1
5 29 1
5 30 1
5 31 1
5 32 1
5 33 1
5 34 1
5 35 1
5 37 0
5 39 1
5 40 1
5 41 1
5 42 1
5 43 1
5 44 1
6 0 1
6 1 0
6 4 0
6 5 0
6 6 0
6 7 0
6 8 1
6 9 0
6 10 0
6 11 0
6 12 0
6 13 0
6 14 0
6 15 1
6 16 1
6 17 1
6 18 0
6 19 0
6 20 0
6 21 0
6 22 0
6 23 0
6 24 0
6 25 0
6 26 0
6 28 1
6 29 0
6 30 1
6 31 0
6 32 0
6 33 1
6 34 0
6 35 0
6 37 0
6 39 0
6 40 0
6 41 0
6 42 1
6 43 1
6 44 1
7 0 1
7 1 1
7 4 0
7 5 0
7 6 1
7 7 1
7 8 1
7 9 0
7 10 0
7 11 0
7 12 0
7 13 0
7 14 0
7 15 1
7 16 1
7 17 1
7 18 1
7 19 1
7 20 1
7 21 1
7 22 0
7 23 0
7 24 0
7 25 0
7 26 1
7 28 1
7 29 0
7 30 1
7 31 1
7 32 1
7 33 1
7 34 1
7 35 1
7 37 0
7 39 0
7 40 1
7 41 1
7 42 0
7 43 1
7 44 0
8 0 1
8 1 1
8 4 0
8 5 0
8 6 0
8 7 1
8 8 1
8 9 0
8 10 1
8 11 0
8 12 0
8 13 0
8 14 1
8 15 1
8 16 1
8 17 1
8 18 0
8 19 0
8 20 1
8 21 0
8 22 0
8 23 0
8 24 0
8 25 0
8 26 0
8 28 1
8 29 0
8 30 1
8 31 1
8 32 0
8 33 1
8 34 0
8 35 0
8 37 0
8 39 0
8 40 0
8 41 0
8 42 0
8 43 1
8 44 0
9 0 1
9 1 1
9 4 1
9 5 1
9 6 1
9 7 1
9 8 1
9 9 1
9 10 1
9 11 1
9 12 1
9 13 1
9 14 1
9 15 1
9 16 1
9 17 1
9 18 1
9 19 1
9 20 1
9 21 1
9 22 1
9 23 1
9 24 1
9 25 1
9 26 1
9 28 1
9 29 1
9 30 1
9 31 1
9 32 1
9 33 1
9 34 1
9 35 1
9 37 1
9 39 1
9 40 1
9 41 1
9 42 1
9 43 1
9 44 1
10 0 1
10 1 0
10 4 0
10 5 1
10 6 0
10 7 0
10 8 1
10 9 0
10 10 0
10 11 0
10 12 0
10 13 0
10 14 0
10 15 0
10 16 1
10 17 1
10 18 0
10 19 0
10 20 0
10 21 0
10 22 0
10 23 0
10 24 0
10 25 0
10 26 0
10 28 0
10 29 0
10 30 1
10 31 0
10 32 0
10 33 1
10 34 0
10 35 0
10 37 0
10 39 0
10 40 0
10 41 0
10 42 1
10 43 1
10 44 0
11 0 0
11 1 0
11 4 0
11 5 0
11 6 0
11 7 0
11 8 0
11 9 0
11 10 0
11 11 0
11 12 0
11 13 0
11 14 0
11 15 0
11 16 1
11 17 0
11 18 0
11 19 0
11 20 0
11 21 0
11 22 0
11 23 0
11 24 0
11 25 0
11 26 0
11 28 1
11 29 0
11 30 0
11 31 0
11 32 0
11 33 0
11 34 0
11 35 0
11 37 0
11 39 0
11 40 0
11 41 0
11 42 0
11 43 0
11 44 0
12 0 1
12 1 1
12 4 0
12 5 0
12 6 0
12 7 1
12 8 0
12 9 0
12 10 0
12 11 0
12 12 0
12 13 0
12 14 0
12 15 1
12 16 1
12 17 1
12 18 0
12 19 0
12 20 1
12 21 0
12 22 0
12 23 0
12 24 0
12 25 0
12 26 0
12 28 1
12 29 0
12 30 0
12 31 1
12 32 1
12 33 1
12 34 1
12 35 1
12 37 0
12 39 0
12 40 0
12 41 0
12 42 0
12 43 1
12 44 0
13 0 1
13 1 0
13 2 0
13 3 0
13 4 0
13 5 0
13 6 0
13 7 0
13 8 0
13 9 0
13 10 0
13 11 0
13 12 0
13 13 0
13 14 0
13 15 0
13 16 1
13 17 1
13 18 0
13 19 0
13 20 0
13 21 0
13 22 0
13 23 0
13 24 0
13 25 0
13 26 0
13 27 0
13 28 1
13 29 0
13 30 0
13 31 0
13 32 0
13 33 0
13 34 0
13 35 0
13 36 1
13 37 0
13 38 0
13 39 0
14 0 0
14 1 1
14 4 0
14 5 0
14 6 0
14 7 1
14 8 1
14 9 0
14 10 0
14 11 0
14 12 0
14 13 0
14 14 0
14 15 1
14 16 1
14 17 1
14 18 0
14 19 1
14 20 1
14 21 0
14 22 0
14 23 0
14 24 0
14 25 0
14 26 0
14 28 1
14 29 0
14 30 1
14 31 1
14 32 1
14 33 1
14 34 0
14 35 1
14 37 0
14 39 0
14 40 1
14 41 0
14 42 1
14 43 1
14 44 0
15 0 0
15 1 1
15 4 0
15 5 0
15 6 1
15 7 1
15 8 0
15 9 0
15 10 0
15 11 0
15 12 0
15 13 0
15 14 0
15 15 1
15 16 1
15 17 1
15 18 0
15 19 1
15 20 1
15 21 1
15 22 0
15 23 1
15 24 0
15 25 0
15 26 0
15 28 1
15 29 0
15 30 1
15 31 1
15 32 1
15 33 1
15 34 1
15 35 0
15 37 0
15 39 0
15 40 1
15 41 1
15 42 0
15 43 1
15 44 0
16 0 1
16 1 1
16 4 1
16 5 1
16 6 1
16 7 1
16 8 1
16 9 1
16 10 1
16 11 1
16 12 1
16 13 1
16 14 1
16 15 1
16 16 1
16 17 1
16 18 1
16 19 1
16 20 1
16 21 1
16 22 1
16 23 1
16 24 1
16 25 1
16 26 1
16 28 1
16 29 1
16 30 1
16 31 1
16 32 1
16 33 1
16 34 1
16 35 1
16 37 1
16 39 1
16 40 1
16 41 1
16 42 1
16 43 1
16 44 1
17 0 1
17 1 1
17 4 0
17 5 0
17 6 0
17 7 0
17 8 0
17 9 0
17 10 0
17 11 0
17 12 0
17 13 0
17 14 0
17 15 1
17 16 1
17 17 1
17 18 0
17 19 0
17 20 0
17 21 0
17 22 0
17 23 0
17 24 0
17 25 0
17 26 0
17 28 1
17 29 0
17 30 0
17 31 0
17 32 1
17 33 1
17 34 0
17 35 0
17 37 0
17 39 0
17 40 0
17 41 0
17 42 0
17 43 1
17 44 0
18 0 1
18 1 1
18 4 0
18 5 0
18 6 1
18 7 1
18 8 1
18 9 0
18 10 1
18 11 0
18 12 0
18 13 0
18 14 1
18 15 1
18 16 0
18 17 1
18 18 0
18 19 1
18 20 1
18 21 1
18 22 0
18 23 1
18 24 0
18 25 0
18 26 0
18 28 1
18 29 1
18 30 1
18 31 1
18 32 1
18 33 1
18 34 1
18 35 0
18 37 0
18 39 0
18 40 1
18 41 0
18 42 1
18 43 1
18 44 0
19 0 1
19 1 0
19 4 0
19 5 0
19 6 0
19 7 0
19 8 1
19 9 0
19 10 0
19 11 0
19 12 0
19 13 0
19 14 0
19 15 0
19 16 1
19 17 1
19 18 0
19 19 0
19 20 0
19 21 0
19 22 0
19 23 0
19 24 0
19 25 0
19 26 0
19 28 1
19 29 0
19 30 0
19 31 0
19 32 0
19 33 0
19 34 0
19 35 0
19 37 0
19 39 0
19 40 0
19 41 0
19 42 1
19 43 1
19 44 0
20 0 1
20 1 1
20 4 0
20 5 0
20 6 1
20 7 1
20 8 1
20 9 0
20 10 0
20 11 0
20 12 0
20 13 0
20 14 0
20 15 1
20 16 1
20 17 1
20 18 0
20 19 1
20 20 1
20 21 0
20 22 0
20 23 0
20 24 0
20 25 0
20 26 0
20 28 1
20 29 0
20 30 1
20 31 1
20 32 1
20 33 1
20 34 1
20 35 0
20 37 0
20 39 0
20 40 1
20 41 0
20 42 0
20 43 1
20 44 0
21 0 1
21 1 1
21 4 0
21 5 0
21 6 0
21 7 0
21 8 0
21 9 0
21 10 0
21 11 0
21 12 0
21 13 0
21 14 0
21 15 1
21 16 1
21 17 1
21 18 0
21 19 1
21 20 1
21 21 0
21 22 0
21 23 0
21 24 0
21 25 0
21 26 0
21 28 1
21 29 0
21 30 0
21 31 1
21 32 1
21 33 1
21 34 0
21 35 0
21 37 0
21 39 0
21 40 0
21 41 0
21 42 0
21 43 1
21 44 0
22 0 1
22 1 0
22 4 0
22 5 1
22 6 0
22 7 0
22 8 1
22 9 0
22 10 0
22 11 0
22 12 0
22 13 0
22 14 0
22 15 0
22 16 1
22 17 1
22 18 1
22 19 0
22 20 1
22 21 0
22 22 0
22 23 0
22 24 0
22 25 0
22 26 0
22 28 0
22 29 0
22 30 1
22 31 0
22 32 0
22 33 1
22 34 1
22 35 1
22 37 0
22 39 0
22 40 0
22 41 0
22 42 0
22 43 1
22 44 0
23 0 1
23 1 0
23 4 1
23 5 0
23 6 0
23 7 0
23 8 1
23 9 0
23 10 0
23 11 1
23 12 0
23 13 0
23 14 0
23 15 0
23 16 1
23 17 1
23 18 1
23 19 0
23 20 0
23 21 0
23 22 1
23 23 0
23 24 0
23 25 1
23 26 0
23 28 1
23 29 1
23 30 1
23 31 0
23 32 1
23 33 1
23 34 0
23 35 0
23 37 0
23 39 0
23 40 0
23 41 1
23 42 1
23 43 0
23 44 0
24 0 1
24 1 1
24 2 1
24 3 1
24 4 1
24 5 1
24 6 1
24 7 1
24 8 1
24 9 1
24 10 1
24 11 1
24 12 1
24 13 1
24 14 1
24 15 1
24 16 1
24 17 1
24 18 1
24 19 1
24 20 1
24 21 1
24 22 1
24 23 1
24 24 1
24 25 1
24 26 1
24 27 1
24 28 1
24 29 1
24 30 1
24 31 1
24 32 1
24 33 1
24 34 1
24 35 1
24 36 1
24 37 1
24 38 1
24 39 1
25 1 0
25 3 0
25 4 1
25 5 0
25 6 0
25 7 0
25 8 1
25 9 0
25 11 1
25 12 0
25 13 0
25 14 1
25 15 1
25 17 1
25 19 1
25 20 1
25 21 1
25 22 0
25 23 0
25 24 0
25 25 1
25 27 0
25 28 1
25 29 0
25 30 1
25 31 0
25 32 1
25 33 1
25 34 0
25 35 0
25 36 1
25 37 0
25 45 0
25 46 1
25 41 1
25 42 0
25 44 1
25 47 1
25 48 1
25 49 0
26 1 1
26 3 0
26 4 0
26 5 0
26 6 0
26 7 1
26 8 0
26 9 0
26 11 0
26 12 0
26 13 0
26 14 0
26 15 1
26 17 1
26 19 1
26 20 1
26 21 0
26 22 0
26 23 0
26 24 0
26 25 0
26 27 0
26 28 0
26 29 0
26 30 0
26 31 0
26 32 1
26 33 0
26 34 0
26 35 0
26 36 0
26 37 0
26 45 0
26 46 0
26 41 0
26 42 0
26 44 0
26 47 1
26 48 0
26 49 1
27 1 1
27 3 1
27 4 0
27 5 0
27 6 1
27 7 1
27 8 0
27 9 0
27 11 0
27 12 0
27 13 0
27 14 0
27 15 1
27 17 1
27 19 1
27 20 0
27 21 1
27 22 0
27 23 1
27 24 0
27 25 0
27 27 1
27 28 0
27 29 0
27 30 0
27 31 1
27 32 1
27 33 0
27 34 1
27 35 0
27 36 1
27 37 0
27 45 0
27 46 0
27 41 0
27 42 0
27 44 0
27 47 1
27 48 0
27 49 0
28 1 0
28 3 0
28 4 0
28 5 0
28 6 0
28 7 0
28 8 0
28 9 0
28 11 0
28 12 0
28 13 0
28 14 0
28 15 0
28 17 1
28 19 1
28 20 0
28 21 0
28 22 0
28 23 0
28 24 0
28 25 1
28 27 1
28 28 0
28 29 0
28 30 1
28 31 0
28 32 0
28 33 0
28 34 0
28 35 1
28 36 1
28 37 0
28 45 0
28 46 0
28 41 0
28 42 1
28 44 0
28 47 1
28 48 0
28 49 0
29 1 1
29 3 1
29 4 0
29 5 0
29 6 1
29 7 1
29 8 1
29 9 0
29 11 0
29 12 0
29 13 0
29 14 0
29 15 1
29 17 1
29 19 1
29 20 1
29 21 1
29 22 0
29 23 0
29 24 0
29 25 0
29 27 0
29 28 1
29 29 0
29 30 0
29 31 1
29 32 1
29 33 1
29 34 1
29 35 1
29 36 1
29 37 0
29 45 0
29 46 0
29 41 1
29 42 1
29 44 0
29 47 1
29 48 0
29 49 1
30 1 1
30 3 0
30 4 0
30 5 0
30 6 0
30 7 1
30 8 0
30 9 0
30 11 0
30 12 0
30 13 0
30 14 0
30 15 1
30 17 1
30 19 1
30 20 1
30 21 1
30 22 0
30 23 0
30 24 0
30 25 0
30 27 0
30 28 1
30 29 0
30 30 0
30 31 1
30 32 1
30 33 1
30 34 0
30 35 1
30 36 0
30 37 0
30 45 0
30 46 0
30 41 0
30 42 1
30 44 0
30 47 1
30 48 0
30 49 1
31 1 0
31 3 0
31 4 0
31 5 0
31 6 0
31 7 0
31 8 1
31 9 0
31 11 0
31 12 0
31 13 0
31 14 0
31 15 1
31 17 1
31 19 0
31 20 1
31 21 0
31 22 0
31 23 0
31 24 0
31 25 1
31 27 0
31 28 1
31 29 0
31 30 0
31 31 0
31 32 0
31 33 1
31 34 0
31 35 0
31 36 1
31 37 0
31 45 0
31 46 0
31 41 0
31 42 1
31 44 0
31 47 1
31 48 0
31 49 0
32 1 1
32 3 1
32 4 0
32 5 0
32 6 1
32 7 1
32 8 1
32 9 0
32 11 0
32 12 0
32 13 0
32 14 1
32 15 1
32 17 1
32 19 1
32 20 1
32 21 1
32 22 0
32 23 1
32 24 0
32 25 0
32 27 1
32 28 1
32 29 0
32 30 1
32 31 1
32 32 1
32 33 1
32 34 1
32 35 0
32 36 0
32 37 0
32 45 0
32 46 0
32 41 1
32 42 0
32 44 0
32 47 1
32 48 0
32 49 0
33 1 1
33 3 1
33 4 0
33 5 0
33 6 1
33 7 1
33 8 1
33 9 0
33 11 0
33 12 0
33 13 0
33 14 0
33 15 1
33 17 1
33 19 1
33 20 1
33 21 1
33 22 0
33 23 1
33 24 0
33 25 1
33 27 1
33 28 1
33 29 0
33 30 1
33 31 1
33 32 1
33 33 1
33 34 1
33 35 0
33 36 1
33 37 0
33 45 0
33 46 0
33 41 0
33 42 0
33 44 0
33 47 1
33 48 1
33 49 0
34 1 1
34 3 0
34 4 0
34 5 0
34 6 0
34 7 1
34 8 0
34 9 0
34 11 0
34 12 0
34 13 0
34 14 0
34 15 1
34 17 1
34 19 0
34 20 0
34 21 1
34 22 0
34 23 0
34 24 0
34 25 0
34 27 0
34 28 0
34 29 0
34 30 1
34 31 1
34 32 1
34 33 0
34 34 0
34 35 0
34 36 1
34 37 0
34 45 0
34 46 0
34 41 0
34 42 1
34 44 0
34 47 1
34 48 0
34 49 0
35 0 1
35 1 0
35 2 1
35 3 0
35 4 0
35 5 0
35 6 0
35 7 0
35 8 1
35 9 0
35 10 0
35 11 0
35 12 0
35 13 0
35 14 1
35 15 0
35 16 1
35 17 1
35 18 0
35 19 0
35 20 0
35 21 0
35 22 0
35 23 0
35 24 1
35 25 0
35 26 0
35 27 0
35 28 1
35 29 0
35 30 1
35 31 0
35 32 0
35 33 1
35 34 0
35 35 0
35 36 1
35 37 0
35 38 0
35 39 0
36 1 1
36 3 0
36 4 0
36 5 0
36 6 1
36 7 1
36 8 1
36 9 0
36 11 0
36 12 0
36 13 0
36 14 1
36 15 1
36 17 1
36 19 0
36 20 1
36 21 0
36 22 0
36 23 0
36 24 0
36 25 1
36 27 0
36 28 1
36 29 0
36 30 1
36 31 1
36 32 1
36 33 1
36 34 0
36 35 0
36 36 1
36 37 0
36 45 1
36 46 0
36 41 0
36 42 1
36 44 0
36 47 1
36 48 0
36 49 0
37 1 1
37 3 1
37 4 1
37 5 0
37 6 1
37 7 1
37 8 1
37 9 0
37 11 0
37 12 0
37 13 0
37 14 1
37 15 1
37 17 1
37 19 1
37 20 1
37 21 1
37 22 1
37 23 1
37 24 0
37 25 0
37 27 1
37 28 1
37 29 1
37 30 1
37 31 1
37 32 1
37 33 1
37 34 1
37 35 1
37 36 1
37 37 0
37 45 0
37 46 0
37 41 1
37 42 1
37 44 1
37 47 1
37 48 1
37 49 1
38 1 1
38 3 0
38 4 0
38 5 0
38 6 1
38 7 0
38 8 0
38 9 0
38 11 0
38 12 0
38 13 0
38 14 0
38 15 1
38 17 1
38 19 0
38 20 1
38 21 0
38 22 0
38 23 0
38 24 0
38 25 1
38 27 0
38 28 1
38 29 0
38 30 0
38 31 1
38 32 1
38 33 1
38 34 1
38 35 1
38 36 1
38 37 0
38 45 0
38 46 0
38 41 0
38 42 1
38 44 0
38 47 1
38 48 1
38 49 0
39 1 1
39 3 1
39 4 1
39 5 1
39 6 1
39 7 1
39 8 1
39 9 1
39 11 1
39 12 1
39 13 1
39 14 1
39 15 1
39 17 1
39 19 1
39 20 1
39 21 1
39 22 1
39 23 1
39 24 1
39 25 1
39 27 1
39 28 1
39 29 1
39 30 1
39 31 1
39 32 1
39 33 1
39 34 1
39 35 1
39 36 1
39 37 1
39 45 1
39 46 1
39 41 1
39 42 1
39 44 1
39 47 0
39 48 1
39 49 1
40 1 1
40 3 0
40 4 0
40 5 0
40 6 0
40 7 1
40 8 0
40 9 0
40 11 0
40 12 0
40 13 0
40 14 0
40 15 0
40 17 1
40 19 1
40 20 0
40 21 1
40 22 0
40 23 0
40 24 0
40 25 0
40 27 0
40 28 0
40 29 0
40 30 0
40 31 1
40 32 1
40 33 1
40 34 0
40 35 0
40 36 0
40 37 0
40 45 0
40 46 0
40 41 0
40 42 0
40 44 0
40 47 1
40 48 0
40 49 1
41 1 0
41 3 0
41 4 0
41 5 0
41 6 0
41 7 1
41 8 0
41 9 0
41 11 0
41 12 0
41 13 0
41 14 0
41 15 0
41 17 0
41 19 0
41 20 0
41 21 0
41 22 0
41 23 0
41 24 0
41 25 0
41 27 0
41 28 1
41 29 0
41 30 0
41 31 0
41 32 0
41 33 0
41 34 0
41 35 0
41 36 1
41 37 0
41 45 0
41 46 0
41 41 0
41 42 0
41 44 0
41 47 1
41 48 0
41 49 0
42 1 0
42 3 0
42 4 0
42 5 0
42 6 0
42 7 0
42 8 0
42 9 0
42 11 0
42 12 0
42 13 0
42 14 0
42 15 0
42 17 1
42 19 0
42 20 0
42 21 0
42 22 0
42 23 0
42 24 0
42 25 1
42 27 0
42 28 1
42 29 0
42 30 0
42 31 0
42 32 0
42 33 1
42 34 0
42 35 0
42 36 1
42 37 0
42 45 0
42 46 0
42 41 1
42 42 0
42 44 0
42 47 1
42 48 0
42 49 0
43 1 1
43 3 1
43 4 0
43 5 0
43 6 0
43 7 1
43 8 0
43 9 0
43 11 0
43 12 0
43 13 0
43 14 0
43 15 1
43 17 1
43 19 1
43 20 1
43 21 1
43 22 0
43 23 0
43 24 0
43 25 0
43 27 0
43 28 1
43 29 0
43 30 1
43 31 1
43 32 1
43 33 1
43 34 0
43 35 0
43 36 1
43 37 0
43 45 0
43 46 0
43 41 0
43 42 0
43 44 0
43 47 1
43 48 0
43 49 1
44 1 1
44 3 1
44 4 1
44 5 1
44 6 1
44 7 1
44 8 1
44 9 1
44 11 1
44 12 1
44 13 1
44 14 1
44 15 1
44 17 1
44 19 1
44 20 1
44 21 1
44 22 1
44 23 1
44 24 1
44 25 1
44 27 1
44 28 1
44 29 1
44 30 1
44 31 1
44 32 1
44 33 1
44 34 1
44 35 1
44 36 1
44 37 1
44 45 1
44 46 1
44 41 1
44 42 1
44 44 1
44 47 0
44 48 1
44 49 1
45 1 1
45 3 1
45 4 0
45 5 0
45 6 1
45 7 1
45 8 0
45 9 0
45 11 0
45 12 0
45 13 0
45 14 0
45 15 1
45 17 1
45 19 1
45 20 0
45 21 1
45 22 0
45 23 1
45 24 0
45 25 0
45 27 1
45 28 0
45 29 0
45 30 0
45 31 1
45 32 1
45 33 1
45 34 1
45 35 0
45 36 1
45 37 0
45 45 0
45 46 0
45 41 0
45 42 0
45 44 0
45 47 1
45 48 0
45 49 0
46 0 1
46 1 0
46 2 1
46 3 0
46 4 0
46 5 0
46 6 0
46 7 0
46 8 1
46 9 0
46 10 0
46 11 0
46 12 0
46 13 0
46 14 0
46 15 1
46 16 1
46 17 1
46 18 0
46 19 0
46 20 0
46 21 0
46 22 0
46 23 0
46 24 0
46 25 0
46 26 0
46 27 0
46 28 1
46 29 0
46 30 0
46 31 1
46 32 0
46 33 0
46 34 1
46 35 0
46 36 1
46 37 0
46 38 0
46 39 0
47 1 0
47 3 0
47 4 0
47 5 0
47 6 0
47 7 0
47 8 1
47 9 0
47 11 0
47 12 0
47 13 0
47 14 0
47 15 0
47 17 1
47 19 0
47 20 1
47 21 0
47 22 1
47 23 0
47 24 0
47 25 1
47 27 0
47 28 1
47 29 0
47 30 0
47 31 0
47 32 0
47 33 1
47 34 0
47 35 0
47 36 1
47 37 0
47 45 0
47 46 0
47 41 0
47 42 1
47 44 0
47 47 1
47 48 1
47 49 0
48 1 0
48 3 0
48 4 0
48 5 0
48 6 0
48 7 0
48 8 0
48 9 0
48 11 0
48 12 0
48 13 0
48 14 0
48 15 0
48 17 1
48 19 0
48 20 0
48 21 0
48 22 0
48 23 0
48 24 1
48 25 1
48 27 0
48 28 1
48 29 0
48 30 0
48 31 0
48 32 0
48 33 1
48 34 0
48 35 0
48 36 1
48 37 0
48 45 0
48 46 0
48 41 0
48 42 0
48 44 0
48 47 1
48 48 0
48 49 0
49 1 0
49 3 0
49 4 0
49 5 0
49 6 0
49 7 0
49 8 0
49 9 0
49 11 0
49 12 0
49 13 0
49 14 1
49 15 0
49 17 1
49 19 0
49 20 1
49 21 0
49 22 0
49 23 0
49 24 0
49 25 1
49 27 0
49 28 1
49 29 0
49 30 1
49 31 0
49 32 0
49 33 0
49 34 0
49 35 0
49 36 1
49 37 0
49 45 0
49 46 0
49 41 0
49 42 1
49 44 0
49 47 1
49 48 0
49 49 0
50 1 1
50 3 1
50 4 1
50 5 1
50 6 1
50 7 1
50 8 1
50 9 1
50 11 1
50 12 1
50 13 1
50 14 1
50 15 1
50 17 1
50 19 1
50 20 1
50 21 1
50 22 1
50 23 1
50 24 1
50 25 1
50 27 1
50 28 1
50 29 1
50 30 1
50 31 1
50 32 1
50 33 1
50 34 1
50 35 1
50 36 1
50 37 1
50 45 1
50 46 1
50 41 1
50 42 1
50 44 1
50 47 0
50 48 1
50 49 1
51 1 1
51 3 1
51 4 1
51 5 1
51 6 1
51 7 1
51 8 1
51 9 1
51 11 1
51 12 1
51 13 1
51 14 1
51 15 1
51 17 1
51 19 1
51 20 1
51 21 1
51 22 1
51 23 1
51 24 1
51 25 1
51 27 1
51 28 1
51 29 1
51 30 1
51 31 1
51 32 1
51 33 1
51 34 1
51 35 1
51 36 1
51 37 1
51 45 1
51 46 1
51 41 1
51 42 1
51 44 1
51 47 0
51 48 1
51 49 1
52 1 1
52 3 1
52 4 1
52 5 1
52 6 1
52 7 1
52 8 1
52 9 1
52 11 1
52 12 1
52 13 1
52 14 1
52 15 1
52 17 1
52 19 1
52 20 1
52 21 1
52 22 1
52 23 1
52 24 1
52 25 1
52 27 1
52 28 1
52 29 1
52 30 1
52 31 1
52 32 1
52 33 1
52 34 1
52 35 1
52 36 1
52 37 1
52 45 1
52 46 1
52 41 1
52 42 1
52 44 1
52 47 0
52 48 1
52 49 1
53 1 1
53 3 0
53 4 0
53 5 0
53 6 0
53 7 1
53 8 0
53 9 0
53 11 0
53 12 0
53 13 0
53 14 0
53 15 1
53 17 1
53 19 0
53 20 0
53 21 1
53 22 0
53 23 0
53 24 0
53 25 0
53 27 0
53 28 0
53 29 0
53 30 0
53 31 1
53 32 1
53 33 0
53 34 0
53 35 0
53 36 0
53 37 0
53 45 0
53 46 0
53 41 0
53 42 0
53 44 0
53 47 1
53 48 0
53 49 0
54 1 1
54 3 0
54 4 0
54 5 0
54 6 1
54 7 1
54 8 1
54 9 0
54 11 0
54 12 1
54 13 0
54 14 0
54 15 1
54 17 1
54 19 1
54 20 1
54 21 1
54 22 0
54 23 0
54 24 0
54 25 0
54 27 0
54 28 1
54 29 0
54 30 0
54 31 1
54 32 1
54 33 1
54 34 0
54 35 0
54 36 1
54 37 0
54 45 0
54 46 0
54 41 0
54 42 1
54 44 0
54 47 1
54 48 1
54 49 1
55 1 1
55 3 0
55 4 0
55 5 1
55 6 0
55 7 1
55 8 1
55 9 0
55 11 0
55 12 0
55 13 0
55 14 0
55 15 1
55 17 1
55 19 1
55 20 1
55 21 1
55 22 1
55 23 0
55 24 0
55 25 0
55 27 0
55 28 1
55 29 0
55 30 1
55 31 1
55 32 1
55 33 1
55 34 0
55 35 1
55 36 0
55 37 0
55 45 0
55 46 0
55 41 1
55 42 0
55 44 0
55 47 1
55 48 0
55 49 1
56 1 0
56 3 0
56 4 0
56 5 0
56 6 0
56 7 0
56 8 1
56 9 0
56 11 0
56 12 0
56 13 0
56 14 1
56 15 0
56 17 1
56 19 0
56 20 0
56 21 0
56 22 0
56 23 0
56 24 0
56 25 1
56 27 0
56 28 1
56 29 0
56 30 1
56 31 0
56 32 0
56 33 1
56 34 0
56 35 0
56 36 1
56 37 0
56 45 0
56 46 0
56 41 0
56 42 1
56 44 0
56 47 1
56 48 1
56 49 0
57 0 0
57 1 1
57 2 0
57 3 0
57 4 0
57 5 0
57 6 0
57 7 1
57 8 1
57 9 0
57 10 0
57 11 0
57 12 0
57 13 0
57 14 0
57 15 1
57 16 1
57 17 1
57 18 0
57 19 1
57 20 1
57 21 1
57 22 0
57 23 0
57 24 0
57 25 0
57 26 0
57 27 0
57 28 1
57 29 1
57 30 0
57 31 1
57 32 1
57 33 1
57 34 0
57 35 0
57 36 0
57 37 0
57 38 0
57 39 0
58 1 1
58 3 1
58 4 0
58 5 0
58 6 1
58 7 1
58 8 0
58 9 0
58 11 0
58 12 0
58 13 0
58 14 0
58 15 1
58 17 1
58 19 1
58 20 0
58 21 1
58 22 0
58 23 1
58 24 0
58 25 0
58 27 1
58 28 0
58 29 0
58 30 0
58 31 1
58 32 1
58 33 0
58 34 1
58 35 0
58 36 1
58 37 0
58 45 0
58 46 0
58 41 0
58 42 1
58 44 0
58 47 1
58 48 0
58 49 0
59 1 0
59 3 0
59 4 0
59 5 0
59 6 1
59 7 0
59 8 0
59 9 0
59 11 0
59 12 0
59 13 0
59 14 0
59 15 1
59 17 1
59 19 0
59 20 0
59 21 0
59 22 0
59 23 0
59 24 0
59 25 0
59 27 0
59 28 0
59 29 0
59 30 0
59 31 1
59 32 0
59 33 1
59 34 0
59 35 0
59 36 1
59 37 0
59 45 0
59 46 0
59 41 1
59 42 1
59 44 0
59 47 1
59 48 0
59 49 0
60 1 1
60 3 1
60 4 0
60 5 0
60 6 1
60 7 1
60 8 0
60 9 0
60 11 0
60 12 0
60 13 0
60 14 1
60 15 1
60 17 1
60 19 1
60 20 0
60 21 1
60 22 0
60 23 1
60 24 0
60 25 0
60 27 1
60 28 1
60 29 0
60 30 0
60 31 1
60 32 1
60 33 0
60 34 1
60 35 0
60 36 0
60 37 0
60 45 0
60 46 0
60 41 0
60 42 1
60 44 0
60 47 1
60 48 0
60 49 0
61 1 1
61 3 1
61 4 1
61 5 1
61 6 1
61 7 1
61 8 1
61 9 1
61 11 1
61 12 1
61 13 1
61 14 1
61 15 1
61 17 1
61 19 1
61 20 1
61 21 1
61 22 1
61 23 1
61 24 1
61 25 1
61 27 1
61 28 1
61 29 1
61 30 1
61 31 1
61 32 1
61 33 1
61 34 1
61 35 1
61 36 1
61 37 1
61 45 1
61 46 1
61 41 1
61 42 1
61 44 1
61 47 0
61 48 1
61 49 1
62 1 0
62 3 0
62 4 0
62 5 0
62 6 0
62 7 0
62 8 0
62 9 0
62 11 0
62 12 0
62 13 0
62 14 0
62 15 0
62 17 0
62 19 0
62 20 0
62 21 0
62 22 0
62 23 0
62 24 0
62 25 1
62 27 0
62 28 0
62 29 0
62 30 1
62 31 0
62 32 0
62 33 0
62 34 0
62 35 0
62 36 1
62 37 0
62 45 0
62 46 0
62 41 0
62 42 1
62 44 0
62 47 1
62 48 0
62 49 0
63 1 1
63 3 1
63 4 1
63 5 1
63 6 1
63 7 1
63 8 1
63 9 0
63 11 1
63 12 1
63 13 1
63 14 1
63 15 1
63 17 1
63 19 1
63 20 1
63 21 1
63 22 1
63 23 1
63 24 0
63 25 1
63 27 1
63 28 1
63 29 1
63 30 1
63 31 1
63 32 1
63 33 1
63 34 1
63 35 1
63 36 1
63 37 0
63 45 1
63 46 1
63 41 1
63 42 1
63 44 1
63 47 0
63 48 1
63 49 1
64 1 1
64 3 1
64 4 1
64 5 1
64 6 1
64 7 1
64 8 1
64 9 1
64 11 1
64 12 1
64 13 1
64 14 1
64 15 1
64 17 1
64 19 1
64 20 1
64 21 1
64 22 1
64 23 1
64 24 1
64 25 1
64 27 1
64 28 1
64 29 1
64 30 1
64 31 1
64 32 1
64 33 1
64 34 1
64 35 1
64 36 1
64 37 1
64 45 1
64 46 1
64 41 1
64 42 1
64 44 1
64 47 0
64 48 1
64 49 1
65 1 0
65 3 0
65 4 0
65 5 0
65 6 0
65 7 0
65 8 0
65 9 0
65 11 0
65 12 0
65 13 0
65 14 0
65 15 0
65 17 0
65 19 0
65 20 0
65 21 0
65 22 0
65 23 0
65 24 0
65 25 0
65 27 0
65 28 1
65 29 0
65 30 1
65 31 0
65 32 0
65 33 1
65 34 0
65 35 0
65 36 1
65 37 0
65 45 0
65 46 0
65 41 0
65 42 1
65 44 0
65 47 1
65 48 0
65 49 0
66 1 0
66 3 1
66 4 0
66 5 0
66 6 0
66 7 0
66 8 0
66 9 0
66 11 0
66 12 0
66 13 0
66 14 0
66 15 0
66 17 1
66 19 0
66 20 0
66 21 0
66 22 0
66 23 0
66 24 0
66 25 0
66 27 0
66 28 1
66 29 0
66 30 0
66 31 1
66 32 0
66 33 0
66 34 0
66 35 0
66 36 1
66 37 0
66 45 0
66 46 0
66 41 0
66 42 1
66 44 0
66 47 1
66 48 0
66 49 0
67 1 1
67 3 0
67 4 0
67 5 0
67 6 0
67 7 1
67 8 0
67 9 0
67 11 0
67 12 0
67 13 0
67 14 0
67 15 0
67 17 1
67 19 0
67 20 1
67 21 1
67 22 0
67 23 0
67 24 0
67 25 0
67 27 0
67 28 1
67 29 0
67 30 0
67 31 0
67 32 1
67 33 0
67 34 0
67 35 0
67 36 0
67 37 0
67 45 0
67 46 0
67 41 0
67 42 1
67 44 0
67 47 1
67 48 0
67 49 1
68 0 0
68 1 1
68 2 0
68 3 1
68 4 0
68 5 0
68 6 1
68 7 1
68 8 1
68 9 0
68 10 0
68 11 0
68 12 1
68 13 0
68 14 1
68 15 1
68 16 1
68 17 1
68 18 0
68 19 1
68 20 1
68 21 1
68 22 0
68 23 1
68 24 0
68 25 0
68 26 0
68 27 1
68 28 1
68 29 0
68 30 1
68 31 1
68 32 1
68 33 1
68 34 1
68 35 0
68 36 1
68 37 0
68 38 1
68 39 0
69 0 1
69 1 0
69 2 1
69 4 0
69 5 0
69 6 0
69 7 0
69 8 0
69 9 0
69 10 0
69 11 0
69 12 0
69 13 0
69 14 0
69 15 1
69 16 1
69 17 1
69 19 0
69 20 0
69 21 0
69 22 0
69 23 0
69 24 0
69 25 0
69 26 0
69 27 0
69 28 1
69 29 0
69 30 0
69 32 0
69 34 0
69 35 0
69 45 0
69 50 0
69 40 0
69 46 0
69 41 0
69 42 0
69 48 0
69 51 0
70 0 1
70 1 0
70 2 0
70 4 0
70 5 0
70 6 0
70 7 0
70 8 0
70 9 0
70 10 0
70 11 0
70 12 0
70 13 0
70 14 0
70 15 0
70 16 1
70 17 1
70 19 0
70 20 0
70 21 0
70 22 0
70 23 0
70 24 0
70 25 0
70 26 0
70 27 0
70 28 0
70 29 0
70 30 1
70 32 0
70 34 0
70 35 0
70 45 0
70 50 0
70 40 0
70 46 0
70 41 0
70 42 1
70 48 0
70 51 0
71 0 0
71 1 1
71 2 0
71 4 0
71 5 0
71 6 1
71 7 1
71 8 1
71 9 0
71 10 0
71 11 0
71 12 0
71 13 0
71 14 0
71 15 1
71 16 1
71 17 1
71 19 1
71 20 1
71 21 1
71 22 0
71 23 1
71 24 0
71 25 0
71 26 0
71 27 1
71 28 1
71 29 0
71 30 0
71 32 1
71 34 1
71 35 0
71 45 0
71 50 1
71 40 1
71 46 0
71 41 0
71 42 0
71 48 0
71 51 1
72 0 0
72 1 1
72 2 0
72 4 0
72 5 0
72 6 1
72 7 1
72 8 0
72 9 0
72 10 0
72 11 0
72 12 0
72 13 0
72 14 1
72 15 1
72 16 1
72 17 1
72 19 1
72 20 1
72 21 1
72 22 1
72 23 1
72 24 0
72 25 0
72 26 0
72 27 1
72 28 1
72 29 0
72 30 0
72 32 1
72 34 1
72 35 0
72 45 0
72 50 1
72 40 1
72 46 0
72 41 0
72 42 1
72 48 0
72 51 1
73 0 0
73 1 0
73 2 0
73 4 0
73 5 0
73 6 0
73 7 0
73 8 0
73 9 0
73 10 0
73 11 0
73 12 0
73 13 0
73 14 0
73 15 0
73 16 1
73 17 0
73 19 0
73 20 0
73 21 0
73 22 0
73 23 0
73 24 0
73 25 0
73 26 0
73 27 0
73 28 0
73 29 0
73 30 1
73 32 0
73 34 0
73 35 0
73 45 0
73 50 0
73 40 0
73 46 0
73 41 1
73 42 0
73 48 0
73 51 1
74 0 1
74 1 1
74 2 1
74 4 1
74 5 1
74 6 1
74 7 1
74 8 1
74 9 1
74 10 1
74 11 1
74 12 1
74 13 1
74 14 1
74 15 1
74 16 1
74 17 1
74 19 1
74 20 1
74 21 1
74 22 1
74 23 1
74 24 1
74 25 1
74 26 1
74 27 1
74 28 1
74 29 1
74 30 1
74 32 1
74 34 1
74 35 1
74 45 1
74 50 1
74 40 1
74 46 1
74 41 1
74 42 1
74 48 1
74 51 1
75 0 1
75 1 1
75 2 0
75 4 0
75 5 1
75 6 0
75 7 1
75 8 1
75 9 0
75 10 0
75 11 0
75 12 0
75 13 0
75 14 0
75 15 1
75 16 1
75 17 1
75 19 1
75 20 1
75 21 1
75 22 0
75 23 0
75 24 0
75 25 0
75 26 0
75 27 0
75 28 1
75 29 0
75 30 0
75 32 1
75 34 0
75 35 0
75 45 0
75 50 0
75 40 1
75 46 0
75 41 0
75 42 0
75 48 0
75 51 1
76 0 1
76 1 1
76 2 0
76 4 0
76 5 0
76 6 0
76 7 1
76 8 0
76 9 0
76 10 0
76 11 0
76 12 0
76 13 0
76 14 0
76 15 1
76 16 1
76 17 1
76 19 0
76 20 1
76 21 1
76 22 0
76 23 0
76 24 0
76 25 0
76 26 0
76 27 0
76 28 1
76 29 0
76 30 0
76 32 1
76 34 0
76 35 0
76 45 0
76 50 0
76 40 1
76 46 0
76 41 0
76 42 0
76 48 0
76 51 1
77 0 1
77 1 0
77 2 1
77 4 0
77 5 0
77 6 0
77 7 0
77 8 0
77 9 0
77 10 0
77 11 0
77 12 0
77 13 0
77 14 0
77 15 0
77 16 1
77 17 1
77 19 0
77 20 1
77 21 0
77 22 1
77 23 0
77 24 0
77 25 1
77 26 0
77 27 0
77 28 1
77 29 0
77 30 1
77 32 0
77 34 0
77 35 0
77 45 0
77 50 0
77 40 0
77 46 0
77 41 0
77 42 0
77 48 0
77 51 1
78 0 1
78 1 1
78 2 0
78 4 1
78 5 0
78 6 1
78 7 1
78 8 1
78 9 0
78 10 0
78 11 0
78 12 0
78 13 0
78 14 0
78 15 1
78 16 0
78 17 1
78 19 1
78 20 1
78 21 1
78 22 1
78 23 1
78 24 0
78 25 0
78 26 0
78 27 1
78 28 1
78 29 0
78 30 1
78 32 1
78 34 1
78 35 0
78 45 0
78 50 1
78 40 1
78 46 0
78 41 0
78 42 1
78 48 0
78 51 1
79 0 0
79 1 0
79 2 0
79 3 0
79 4 0
79 5 0
79 6 0
79 7 0
79 8 0
79 9 0
79 10 0
79 11 0
79 12 0
79 13 0
79 14 0
79 15 0
79 16 1
79 17 1
79 18 0
79 19 0
79 20 0
79 21 0
79 22 0
79 23 0
79 24 0
79 25 0
79 26 0
79 27 0
79 28 0
79 29 0
79 30 1
79 31 0
79 32 0
79 33 0
79 34 0
79 35 0
79 36 1
79 37 0
79 38 0
79 39 0
80 0 1
80 1 1
80 2 1
80 4 1
80 5 1
80 6 1
80 7 1
80 8 1
80 9 1
80 10 1
80 11 1
80 12 1
80 13 1
80 14 1
80 15 1
80 16 1
80 17 1
80 19 1
80 20 1
80 21 1
80 22 1
80 23 1
80 24 1
80 25 1
80 26 1
80 27 1
80 28 1
80 29 1
80 30 1
80 32 1
80 34 1
80 35 1
80 45 1
80 50 1
80 40 1
80 46 1
80 41 1
80 42 1
80 48 1
80 51 1
81 0 1
81 1 1
81 2 1
81 4 0
81 5 1
81 6 0
81 7 0
81 8 1
81 9 0
81 10 0
81 11 0
81 12 0
81 13 0
81 14 0
81 15 1
81 16 1
81 17 1
81 19 0
81 20 1
81 21 0
81 22 1
81 23 0
81 24 0
81 25 1
81 26 0
81 27 0
81 28 1
81 29 0
81 30 1
81 32 0
81 34 0
81 35 0
81 45 0
81 50 0
81 40 0
81 46 0
81 41 0
81 42 0
81 48 0
81 51 0
82 0 1
82 1 0
82 2 0
82 4 0
82 5 0
82 6 0
82 7 0
82 8 0
82 9 0
82 10 0
82 11 0
82 12 0
82 13 0
82 14 0
82 15 0
82 16 0
82 17 1
82 19 0
82 20 0
82 21 0
82 22 0
82 23 0
82 24 0
82 25 0
82 26 0
82 27 0
82 28 1
82 29 0
82 30 1
82 32 0
82 34 0
82 35 0
82 45 0
82 50 0
82 40 0
82 46 0
82 41 0
82 42 1
82 48 0
82 51 0
83 0 1
83 1 1
83 2 0
83 4 1
83 5 0
83 6 1
83 7 1
83 8 1
83 9 0
83 10 0
83 11 0
83 12 0
83 13 0
83 14 0
83 15 1
83 16 1
83 17 1
83 19 1
83 20 1
83 21 1
83 22 1
83 23 0
83 24 0
83 25 0
83 26 0
83 27 0
83 28 1
83 29 0
83 30 0
83 32 1
83 34 0
83 35 1
83 45 0
83 50 0
83 40 0
83 46 0
83 41 0
83 42 0
83 48 0
83 51 0
84 0 1
84 1 0
84 2 0
84 4 1
84 5 0
84 6 0
84 7 0
84 8 1
84 9 0
84 10 0
84 11 0
84 12 0
84 13 0
84 14 0
84 15 1
84 16 1
84 17 1
84 19 0
84 20 1
84 21 1
84 22 0
84 23 0
84 24 0
84 25 0
84 26 0
84 27 0
84 28 1
84 29 0
84 30 1
84 32 0
84 34 0
84 35 0
84 45 0
84 50 0
84 40 0
84 46 0
84 41 0
84 42 0
84 48 0
84 51 0
85 0 1
85 1 0
85 2 0
85 4 0
85 5 0
85 6 0
85 7 0
85 8 1
85 9 0
85 10 0
85 11 0
85 12 0
85 13 0
85 14 0
85 15 1
85 16 1
85 17 1
85 19 0
85 20 1
85 21 1
85 22 0
85 23 0
85 24 0
85 25 0
85 26 0
85 27 0
85 28 1
85 29 0
85 30 0
85 32 0
85 34 0
85 35 0
85 45 0
85 50 0
85 40 0
85 46 0
85 41 0
85 42 1
85 48 0
85 51 1
86 0 0
86 1 0
86 2 0
86 4 0
86 5 0
86 6 0
86 7 0
86 8 0
86 9 0
86 10 0
86 11 0
86 12 0
86 13 0
86 14 0
86 15 0
86 16 1
86 17 1
86 19 0
86 20 1
86 21 0
86 22 0
86 23 0
86 24 0
86 25 0
86 26 0
86 27 0
86 28 0
86 29 0
86 30 0
86 32 0
86 34 0
86 35 0
86 45 0
86 50 0
86 40 0
86 46 0
86 41 0
86 42 1
86 48 0
86 51 0
87 0 0
87 1 0
87 2 0
87 4 0
87 5 0
87 6 0
87 7 0
87 8 0
87 9 0
87 10 0
87 11 0
87 12 0
87 13 0
87 14 0
87 15 0
87 16 1
87 17 0
87 19 0
87 20 0
87 21 0
87 22 0
87 23 0
87 24 0
87 25 0
87 26 0
87 27 0
87 28 1
87 29 0
87 30 0
87 32 0
87 34 0
87 35 0
87 45 0
87 50 0
87 40 0
87 46 0
87 41 0
87 42 0
87 48 0
87 51 0
88 0 1
88 1 1
88 2 0
88 4 0
88 5 0
88 6 1
88 7 1
88 8 1
88 9 0
88 10 0
88 11 0
88 12 0
88 13 0
88 14 0
88 15 1
88 16 0
88 17 1
88 19 1
88 20 0
88 21 1
88 22 0
88 23 1
88 24 0
88 25 0
88 26 0
88 27 1
88 28 1
88 29 0
88 30 0
88 32 1
88 34 1
88 35 0
88 45 0
88 50 1
88 40 1
88 46 0
88 41 0
88 42 0
88 48 0
88 51 1
89 0 1
89 1 1
89 2 1
89 4 1
89 5 0
89 6 1
89 7 1
89 8 1
89 9 0
89 10 0
89 11 1
89 12 1
89 13 0
89 14 0
89 15 1
89 16 1
89 17 1
89 19 0
89 20 1
89 21 1
89 22 0
89 23 0
89 24 0
89 25 0
89 26 0
89 27 0
89 28 1
89 29 1
89 30 1
89 32 1
89 34 0
89 35 0
89 45 1
89 50 1
89 40 0
89 46 0
89 41 0
89 42 0
89 48 0
89 51 1
90 0 1
90 1 1
90 2 0
90 3 1
90 4 0
90 5 0
90 6 0
90 7 1
90 8 1
90 9 0
90 10 0
90 11 0
90 12 1
90 13 0
90 14 0
90 15 1
90 16 1
90 17 1
90 18 0
90 19 1
90 20 1
90 21 1
90 22 0
90 23 0
90 24 0
90 25 0
90 26 0
90 27 0
90 28 0
90 29 1
90 30 1
90 31 0
90 32 1
90 33 1
90 34 0
90 35 0
90 36 0
90 37 0
90 38 0
90 39 0
91 0 1
91 1 0
91 2 0
91 4 0
91 5 0
91 6 0
91 7 0
91 8 1
91 9 0
91 10 0
91 11 0
91 12 0
91 13 0
91 14 0
91 15 0
91 16 0
91 17 0
91 19 0
91 20 0
91 21 0
91 22 0
91 23 0
91 24 0
91 25 0
91 26 0
91 27 0
91 28 1
91 29 0
91 30 1
91 32 0
91 34 0
91 35 0
91 45 1
91 50 0
91 40 0
91 46 0
91 41 0
91 42 0
91 48 0
91 51 0
92 0 0
92 1 1
92 2 0
92 4 0
92 5 0
92 6 1
92 7 1
92 8 0
92 9 0
92 10 0
92 11 0
92 12 0
92 13 0
92 14 0
92 15 1
92 16 1
92 17 1
92 19 1
92 20 1
92 21 1
92 22 0
92 23 1
92 24 1
92 25 0
92 26 0
92 27 1
92 28 1
92 29 0
92 30 0
92 32 1
92 34 1
92 35 0
92 45 0
92 50 1
92 40 1
92 46 0
92 41 0
92 42 0
92 48 0
92 51 1
93 0 1
93 1 0
93 2 1
93 4 0
93 5 0
93 6 0
93 7 0
93 8 1
93 9 0
93 10 0
93 11 1
93 12 0
93 13 0
93 14 0
93 15 0
93 16 1
93 17 1
93 19 0
93 20 0
93 21 0
93 22 1
93 23 0
93 24 0
93 25 1
93 26 0
93 27 0
93 28 1
93 29 1
93 30 1
93 32 0
93 34 0
93 35 0
93 45 0
93 50 0
93 40 0
93 46 0
93 41 0
93 42 0
93 48 0
93 51 0
94 0 1
94 1 0
94 2 1
94 4 1
94 5 1
94 6 1
94 7 0
94 8 1
94 9 0
94 10 0
94 11 1
94 12 1
94 13 0
94 14 1
94 15 1
94 16 1
94 17 1
94 19 0
94 20 1
94 21 0
94 22 1
94 23 0
94 24 0
94 25 1
94 26 0
94 27 0
94 28 1
94 29 0
94 30 1
94 32 0
94 34 1
94 35 1
94 45 1
94 50 0
94 40 0
94 46 0
94 41 0
94 42 1
94 48 1
94 51 1
95 0 0
95 1 1
95 2 0
95 4 0
95 5 0
95 6 0
95 7 1
95 8 0
95 9 0
95 10 0
95 11 1
95 12 0
95 13 0
95 14 0
95 15 1
95 16 0
95 17 1
95 19 1
95 20 1
95 21 0
95 22 0
95 23 0
95 24 1
95 25 0
95 26 0
95 27 0
95 28 1
95 29 0
95 30 0
95 32 1
95 34 0
95 35 0
95 45 0
95 50 0
95 40 1
95 46 0
95 41 0
95 42 0
95 48 0
95 51 0
96 0 1
96 1 1
96 2 0
96 4 0
96 5 0
96 6 0
96 7 0
96 8 1
96 9 0
96 10 0
96 11 0
96 12 0
96 13 0
96 14 1
96 15 0
96 16 1
96 17 1
96 19 0
96 20 0
96 21 0
96 22 1
96 23 0
96 24 0
96 25 0
96 26 0
96 27 0
96 28 1
96 29 0
96 30 1
96 32 0
96 34 0
96 35 0
96 45 0
96 50 0
96 40 0
96 46 0
96 41 0
96 42 1
96 48 0
96 51 0
97 0 1
97 1 0
97 2 0
97 4 0
97 5 0
97 6 1
97 7 1
97 8 1
97 9 0
97 10 0
97 11 0
97 12 1
97 13 0
97 14 0
97 15 1
97 16 1
97 17 1
97 19 0
97 20 1
97 21 0
97 22 0
97 23 0
97 24 0
97 25 0
97 26 0
97 27 0
97 28 1
97 29 0
97 30 0
97 32 1
97 34 0
97 35 1
97 45 0
97 50 0
97 40 0
97 46 0
97 41 0
97 42 1
97 48 0
97 51 0
98 0 1
98 1 1
98 2 1
98 4 0
98 5 0
98 6 0
98 7 0
98 8 1
98 9 0
98 10 0
98 11 1
98 12 1
98 13 0
98 14 1
98 15 1
98 16 1
98 17 1
98 19 0
98 20 0
98 21 1
98 22 1
98 23 0
98 24 0
98 25 1
98 26 0
98 27 0
98 28 1
98 29 1
98 30 1
98 32 1
98 34 1
98 35 1
98 45 1
98 50 1
98 40 1
98 46 0
98 41 0
98 42 1
98 48 0
98 51 0
99 0 0
99 1 0
99 2 0
99 4 0
99 5 0
99 6 0
99 7 0
99 8 0
99 9 0
99 10 0
99 11 0
99 12 0
99 13 0
99 14 0
99 15 0
99 16 1
99 17 1
99 19 0
99 20 0
99 21 1
99 22 0
99 23 0
99 24 0
99 25 0
99 26 0
99 27 0
99 28 1
99 29 0
99 30 0
99 32 0
99 34 0
99 35 0
99 45 0
99 50 0
99 40 0
99 46 0
99 41 0
99 42 0
99 48 0
99 51 0
100 0 1
100 1 1
100 2 1
100 4 1
100 5 1
100 6 1
100 7 1
100 8 1
100 9 1
100 10 1
100 11 1
100 12 1
100 13 1
100 14 1
100 15 1
100 16 1
100 17 1
100 19 1
100 20 1
100 21 1
100 22 1
100 23 1
100 24 1
100 25 1
100 26 1
100 27 1
100 28 1
100 29 1
100 30 1
100 32 1
100 34 1
100 35 1
100 45 1
100 50 1
100 40 1
100 46 1
100 41 1
100 42 1
100 48 1
100 51 1
101 0 0
101 1 1
101 2 1
101 3 1
101 4 1
101 5 0
101 6 1
101 7 1
101 8 1
101 9 0
101 10 1
101 11 1
101 12 0
101 13 0
101 14 1
101 15 1
101 16 1
101 17 1
101 18 0
101 19 1
101 20 1
101 21 1
101 22 1
101 23 1
101 24 0
101 25 1
101 26 0
101 27 1
101 28 1
101 29 1
101 30 1
101 31 1
101 32 1
101 33 1
101 34 1
101 35 0
101 36 1
101 37 1
101 38 1
101 39 0
102 0 0
102 1 1
102 2 0
102 4 0
102 5 0
102 6 1
102 7 1
102 8 1
102 9 0
102 10 0
102 11 1
102 12 0
102 13 0
102 14 0
102 15 1
102 16 0
102 17 1
102 19 1
102 20 1
102 21 1
102 22 0
102 23 1
102 24 0
102 25 0
102 26 0
102 27 1
102 28 0
102 29 0
102 30 0
102 32 1
102 34 1
102 35 0
102 45 0
102 50 1
102 40 1
102 46 0
102 41 0
102 42 0
102 48 0
102 51 1
103 0 1
103 1 1
103 2 1
103 4 1
103 5 1
103 6 1
103 7 1
103 8 1
103 9 1
103 10 1
103 11 1
103 12 1
103 13 1
103 14 1
103 15 1
103 16 1
103 17 1
103 19 1
103 20 1
103 21 1
103 22 1
103 23 1
103 24 0
103 25 1
103 26 1
103 27 1
103 28 1
103 29 1
103 30 1
103 32 1
103 34 1
103 35 1
103 45 1
103 50 1
103 40 1
103 46 1
103 41 1
103 42 1
103 48 1
103 51 1
104 0 1
104 1 0
104 2 1
104 4 0
104 5 0
104 6 0
104 7 0
104 8 0
104 9 0
104 10 0
104 11 0
104 12 0
104 13 1
104 14 0
104 15 1
104 16 1
104 17 1
104 19 0
104 20 0
104 21 0
104 22 1
104 23 0
104 24 0
104 25 1
104 26 0
104 27 0
104 28 1
104 29 0
104 30 1
104 32 1
104 34 0
104 35 1
104 45 0
104 50 0
104 40 0
104 46 0
104 41 0
104 42 0
104 48 0
104 51 0
105 0 1
105 1 1
105 2 1
105 4 1
105 5 1
105 6 1
105 7 1
105 8 1
105 9 1
105 10 1
105 11 1
105 12 1
105 13 1
105 14 1
105 15 1
105 16 1
105 17 1
105 19 1
105 20 1
105 21 1
105 22 1
105 23 1
105 24 1
105 25 1
105 26 1
105 27 1
105 28 1
105 29 1
105 30 1
105 32 1
105 34 1
105 35 1
105 45 1
105 50 1
105 40 1
105 46 1
105 41 1
105 42 1
105 48 1
105 51 1
106 0 1
106 1 1
106 2 0
106 4 0
106 5 0
106 6 1
106 7 1
106 8 1
106 9 0
106 10 0
106 11 1
106 12 0
106 13 0
106 14 0
106 15 1
106 16 1
106 17 1
106 19 1
106 20 1
106 21 1
106 22 1
106 23 1
106 24 0
106 25 0
106 26 0
106 27 0
106 28 1
106 29 0
106 30 0
106 32 1
106 34 1
106 35 0
106 45 0
106 50 0
106 40 1
106 46 0
106 41 0
106 42 0
106 48 0
106 51 1
107 0 1
107 1 1
107 2 0
107 4 0
107 5 0
107 6 0
107 7 1
107 8 0
107 9 0
107 10 0
107 11 0
107 12 0
107 13 0
107 14 0
107 15 1
107 16 1
107 17 1
107 19 1
107 20 1
107 21 1
107 22 0
107 23 0
107 24 0
107 25 1
107 26 0
107 27 0
107 28 1
107 29 0
107 30 0
107 32 1
107 34 0
107 35 0
107 45 0
107 50 0
107 40 1
107 46 0
107 41 0
107 42 1
107 48 0
107 51 1
108 0 1
108 1 0
108 2 0
108 4 0
108 5 0
108 6 0
108 7 0
108 8 0
108 9 0
108 10 0
108 11 0
108 12 0
108 13 0
108 14 0
108 15 0
108 16 1
108 17 1
108 19 0
108 20 0
108 21 0
108 22 0
108 23 0
108 24 0
108 25 1
108 26 0
108 27 0
108 28 1
108 29 0
108 30 0
108 32 0
108 34 0
108 35 0
108 45 0
108 50 0
108 40 0
108 46 0
108 41 0
108 42 0
108 48 0
108 51 0
109 0 0
109 1 1
109 2 0
109 4 0
109 5 0
109 6 1
109 7 1
109 8 0
109 9 0
109 10 0
109 11 1
109 12 0
109 13 0
109 14 0
109 15 1
109 16 0
109 17 1
109 19 1
109 20 1
109 21 1
109 22 0
109 23 1
109 24 0
109 25 0
109 26 0
109 27 1
109 28 1
109 29 0
109 30 0
109 32 1
109 34 1
109 35 0
109 45 0
109 50 1
109 40 1
109 46 0
109 41 0
109 42 1
109 48 0
109 51 1
110 0 1
110 1 0
110 2 0
110 4 0
110 5 0
110 6 0
110 7 0
110 8 0
110 9 0
110 10 0
110 11 0
110 12 0
110 13 0
110 14 0
110 15 0
110 16 1
110 17 1
110 19 0
110 20 1
110 21 0
110 22 0
110 23 0
110 24 0
110 25 0
110 26 0
110 27 0
110 28 1
110 29 0
110 30 0
110 32 0
110 34 0
110 35 0
110 45 0
110 50 0
110 40 1
110 46 0
110 41 0
110 42 1
110 48 0
110 51 0
111 0 1
111 1 0
111 2 1
111 4 1
111 5 1
111 6 0
111 7 0
111 8 1
111 9 0
111 10 0
111 11 1
111 12 0
111 13 0
111 14 0
111 15 0
111 16 1
111 17 1
111 19 1
111 20 1
111 21 1
111 22 1
111 23 0
111 24 0
111 25 0
111 26 0
111 27 0
111 28 1
111 29 1
111 30 1
111 32 0
111 34 0
111 35 1
111 45 0
111 50 0
111 40 0
111 46 0
111 41 0
111 42 0
111 48 0
111 51 0
112 0 1
112 1 1
112 2 1
112 3 1
112 4 1
112 5 1
112 6 1
112 7 1
112 8 1
112 9 1
112 10 1
112 11 1
112 12 1
112 13 1
112 14 1
112 15 1
112 16 1
112 17 1
112 18 1
112 19 1
112 20 1
112 21 1
112 22 1
112 23 1
112 24 1
112 25 1
112 26 1
112 27 1
112 28 1
112 29 1
112 30 1
112 31 1
112 32 1
112 33 1
112 34 1
112 35 1
112 36 1
112 37 1
112 38 1
112 39 1
113 0 0
113 1 1
113 2 0
113 3 1
113 4 0
113 5 0
113 6 1
113 7 1
113 8 1
113 9 0
113 10 0
113 11 0
113 12 1
113 13 0
113 14 0
113 15 1
113 16 1
113 17 1
113 18 0
113 19 1
113 20 1
113 21 1
113 22 0
113 23 1
113 24 0
113 25 0
113 26 0
113 27 1
113 28 1
113 29 0
113 30 0
113 31 1
113 32 1
113 33 1
113 34 1
113 35 0
113 36 1
113 37 0
113 38 1
113 39 0
114 0 0
114 1 0
114 3 0
114 4 0
114 5 0
114 6 0
114 7 0
114 8 0
114 9 0
114 10 0
114 11 0
114 12 0
114 13 0
114 14 0
114 15 0
114 16 1
114 17 1
114 18 0
114 19 0
114 20 0
114 21 0
114 22 0
114 23 0
114 24 0
114 25 0
114 26 0
114 27 1
114 28 1
114 29 0
114 30 1
114 31 0
114 32 0
114 33 1
114 34 0
114 35 1
114 38 0
114 45 0
114 40 0
114 41 1
114 44 0
115 0 1
115 1 0
115 3 0
115 4 0
115 5 0
115 6 0
115 7 0
115 8 0
115 9 0
115 10 0
115 11 1
115 12 0
115 13 0
115 14 0
115 15 0
115 16 0
115 17 1
115 18 0
115 19 0
115 20 0
115 21 0
115 22 0
115 23 0
115 24 0
115 25 0
115 26 0
115 27 0
115 28 1
115 29 0
115 30 1
115 31 0
115 32 0
115 33 0
115 34 0
115 35 0
115 38 0
115 45 0
115 40 0
115 41 0
115 44 1
116 0 1
116 1 0
116 3 0
116 4 0
116 5 0
116 6 0
116 7 0
116 8 0
116 9 0
116 10 0
116 11 0
116 12 0
116 13 0
116 14 0
116 15 0
116 16 1
116 17 1
116 18 0
116 19 0
116 20 0
116 21 0
116 22 0
116 23 0
116 24 0
116 25 1
116 26 0
116 27 0
116 28 0
116 29 0
116 30 0
116 31 0
116 32 0
116 33 0
116 34 0
116 35 0
116 38 0
116 45 1
116 40 0
116 41 0
116 44 0
117 0 0
117 1 1
117 3 0
117 4 0
117 5 0
117 6 0
117 7 0
117 8 0
117 9 0
117 10 0
117 11 0
117 12 0
117 13 0
117 14 0
117 15 1
117 16 1
117 17 1
117 18 0
117 19 1
117 20 1
117 21 1
117 22 0
117 23 0
117 24 0
117 25 0
117 26 0
117 27 0
117 28 1
117 29 0
117 30 0
117 31 0
117 32 1
117 33 1
117 34 0
117 35 0
117 38 0
117 45 0
117 40 1
117 41 0
117 44 0
118 0 0
118 1 0
118 3 0
118 4 0
118 5 0
118 6 0
118 7 0
118 8 1
118 9 0
118 10 0
118 11 0
118 12 0
118 13 0
118 14 0
118 15 1
118 16 1
118 17 1
118 18 0
118 19 0
118 20 0
118 21 0
118 22 0
118 23 0
118 24 0
118 25 0
118 26 0
118 27 0
118 28 1
118 29 0
118 30 0
118 31 0
118 32 0
118 33 0
118 34 0
118 35 0
118 38 0
118 45 0
118 40 0
118 41 0
118 44 0
119 0 1
119 1 0
119 3 0
119 4 0
119 5 0
119 6 0
119 7 0
119 8 0
119 9 0
119 10 0
119 11 0
119 12 0
119 13 0
119 14 0
119 15 0
119 16 1
119 17 1
119 18 0
119 19 0
119 20 1
119 21 1
119 22 0
119 23 0
119 24 0
119 25 0
119 26 0
119 27 0
119 28 1
119 29 0
119 30 0
119 31 0
119 32 0
119 33 1
119 34 0
119 35 0
119 38 0
119 45 0
119 40 0
119 41 0
119 44 0
120 0 0
120 1 0
120 3 0
120 4 0
120 5 0
120 6 0
120 7 0
120 8 0
120 9 0
120 10 0
120 11 0
120 12 0
120 13 0
120 14 0
120 15 0
120 16 1
120 17 1
120 18 0
120 19 0
120 20 0
120 21 0
120 22 0
120 23 0
120 24 0
120 25 0
120 26 0
120 27 0
120 28 1
120 29 0
120 30 1
120 31 0
120 32 0
120 33 1
120 34 0
120 35 0
120 38 0
120 45 0
120 40 0
120 41 0
120 44 0
121 0 0
121 1 1
121 3 1
121 4 0
121 5 1
121 6 1
121 7 1
121 8 1
121 9 0
121 10 1
121 11 0
121 12 0
121 13 0
121 14 0
121 15 1
121 16 0
121 17 1
121 18 0
121 19 1
121 20 1
121 21 1
121 22 0
121 23 1
121 24 0
121 25 0
121 26 0
121 27 1
121 28 1
121 29 0
121 30 0
121 31 1
121 32 1
121 33 1
121 34 1
121 35 0
121 38 1
121 45 0
121 40 1
121 41 0
121 44 0
122 0 0
122 1 1
122 3 1
122 4 0
122 5 0
122 6 1
122 7 1
122 8 0
122 9 0
122 10 0
122 11 0
122 12 0
122 13 0
122 14 0
122 15 1
122 16 1
122 17 1
122 18 0
122 19 1
122 20 1
122 21 1
122 22 0
122 23 1
122 24 0
122 25 0
122 26 0
122 27 1
122 28 1
122 29 1
122 30 0
122 31 1
122 32 1
122 33 0
122 34 1
122 35 0
122 38 1
122 45 0
122 40 1
122 41 0
122 44 0
123 0 1
123 1 1
123 3 0
123 4 0
123 5 0
123 6 1
123 7 1
123 8 0
123 9 0
123 10 0
123 11 0
123 12 0
123 13 0
123 14 0
123 15 1
123 16 1
123 17 1
123 18 0
123 19 1
123 20 1
123 21 0
123 22 0
123 23 0
123 24 0
123 25 0
123 26 0
123 27 0
123 28 0
123 29 0
123 30 0
123 31 1
123 32 1
123 33 1
123 34 1
123 35 1
123 38 0
123 45 0
123 40 1
123 41 1
123 44 0
124 0 0
124 1 1
124 2 0
124 3 1
124 4 1
124 5 0
124 6 1
124 7 1
124 8 1
124 9 0
124 10 1
124 11 0
124 12 0
124 13 0
124 14 0
124 15 1
124 16 1
124 17 1
124 18 0
124 19 1
124 20 0
124 21 1
124 22 0
124 23 1
124 24 0
124 25 0
124 26 0
124 27 1
124 28 1
124 29 1
124 30 1
124 31 1
124 32 1
124 33 0
124 34 1
124 35 0
124 36 1
124 37 0
124 38 1
124 39 0
125 0 1
125 1 0
125 3 0
125 4 0
125 5 0
125 6 0
125 7 0
125 8 0
125 9 0
125 10 0
125 11 0
125 12 0
125 13 0
125 14 0
125 15 1
125 16 1
125 17 1
125 18 0
125 19 0
125 20 0
125 21 1
125 22 0
125 23 0
125 24 1
125 25 0
125 26 0
125 27 0
125 28 0
125 29 0
125 30 0
125 31 0
125 32 0
125 33 1
125 34 0
125 35 0
125 38 0
125 45 0
125 40 0
125 41 0
125 44 0
126 0 1
126 1 1
126 3 0
126 4 0
126 5 0
126 6 1
126 7 1
126 8 0
126 9 0
126 10 0
126 11 0
126 12 0
126 13 0
126 14 0
126 15 1
126 16 1
126 17 1
126 18 1
126 19 1
126 20 1
126 21 1
126 22 0
126 23 0
126 24 0
126 25 1
126 26 0
126 27 0
126 28 1
126 29 1
126 30 0
126 31 1
126 32 1
126 33 1
126 34 1
126 35 1
126 38 1
126 45 0
126 40 1
126 41 1
126 44 0
127 0 0
127 1 1
127 3 0
127 4 0
127 5 0
127 6 0
127 7 0
127 8 0
127 9 0
127 10 0
127 11 0
127 12 0
127 13 0
127 14 0
127 15 0
127 16 0
127 17 0
127 18 0
127 19 0
127 20 0
127 21 0
127 22 0
127 23 0
127 24 0
127 25 0
127 26 0
127 27 0
127 28 1
127 29 0
127 30 1
127 31 0
127 32 0
127 33 0
127 34 0
127 35 0
127 38 0
127 45 0
127 40 0
127 41 0
127 44 0
128 0 1
128 1 0
128 3 0
128 4 1
128 5 1
128 6 0
128 7 0
128 8 1
128 9 0
128 10 0
128 11 1
128 12 0
128 13 0
128 14 1
128 15 0
128 16 1
128 17 1
128 18 1
128 19 0
128 20 0
128 21 1
128 22 1
128 23 0
128 24 0
128 25 1
128 26 0
128 27 0
128 28 1
128 29 1
128 30 1
128 31 1
128 32 0
128 33 1
128 34 0
128 35 0
128 38 0
128 45 0
128 40 0
128 41 0
128 44 1
129 0 1
129 1 1
129 3 1
129 4 1
129 5 1
129 6 1
129 7 1
129 8 1
129 9 1
129 10 1
129 11 1
129 12 1
129 13 1
129 14 1
129 15 1
129 16 1
129 17 1
129 18 1
129 19 1
129 20 1
129 21 1
129 22 1
129 23 1
129 24 1
129 25 1
129 26 1
129 27 1
129 28 1
129 29 1
129 30 1
129 31 1
129 32 1
129 33 1
129 34 1
129 35 1
129 38 1
129 45 1
129 40 1
129 41 1
129 44 1
130 0 0
130 1 0
130 3 0
130 4 0
130 5 0
130 6 0
130 7 0
130 8 0
130 9 0
130 10 0
130 11 0
130 12 0
130 13 0
130 14 0
130 15 0
130 16 1
130 17 1
130 18 0
130 19 0
130 20 0
130 21 0
130 22 0
130 23 0
130 24 0
130 25 0
130 26 0
130 27 0
130 28 0
130 29 0
130 30 0
130 31 0
130 32 0
130 33 1
130 34 0
130 35 0
130 38 1
130 45 0
130 40 0
130 41 0
130 44 0
131 0 1
131 1 1
131 3 1
131 4 0
131 5 0
131 6 1
131 7 1
131 8 1
131 9 0
131 10 1
131 11 0
131 12 0
131 13 1
131 14 1
131 15 1
131 16 1
131 17 1
131 18 1
131 19 1
131 20 1
131 21 1
131 22 0
131 23 1
131 24 0
131 25 1
131 26 0
131 27 1
131 28 1
131 29 0
131 30 1
131 31 1
131 32 1
131 33 1
131 34 1
131 35 1
131 38 1
131 45 0
131 40 1
131 41 0
131 44 0
132 0 1
132 1 1
132 3 0
132 4 0
132 5 0
132 6 0
132 7 1
132 8 1
132 9 0
132 10 0
132 11 0
132 12 0
132 13 0
132 14 0
132 15 1
132 16 1
132 17 1
132 18 0
132 19 0
132 20 1
132 21 1
132 22 0
132 23 0
132 24 0
132 25 0
132 26 0
132 27 0
132 28 1
132 29 0
132 30 1
132 31 0
132 32 1
132 33 1
132 34 0
132 35 1
132 38 0
132 45 0
132 40 1
132 41 0
132 44 0
133 0 1
133 1 1
133 3 1
133 4 0
133 5 1
133 6 1
133 7 1
133 8 1
133 9 0
133 10 1
133 11 0
133 12 1
133 13 0
133 14 1
133 15 1
133 16 1
133 17 1
133 18 0
133 19 1
133 20 1
133 21 1
133 22 0
133 23 0
133 24 0
133 25 1
133 26 0
133 27 1
133 28 1
133 29 1
133 30 1
133 31 1
133 32 1
133 33 1
133 34 1
133 35 1
133 38 1
133 45 0
133 40 1
133 41 1
133 44 1
134 0 1
134 1 0
134 3 0
134 4 0
134 5 0
134 6 0
134 7 0
134 8 1
134 9 0
134 10 0
134 11 0
134 12 0
134 13 0
134 14 0
134 15 0
134 16 1
134 17 0
134 18 0
134 19 0
134 20 0
134 21 0
134 22 0
134 23 0
134 24 0
134 25 0
134 26 0
134 27 0
134 28 1
134 29 0
134 30 1
134 31 0
134 32 0
134 33 0
134 34 0
134 35 0
134 38 0
134 45 0
134 40 0
134 41 0
134 44 0
135 0 1
135 1 1
135 2 1
135 3 1
135 4 1
135 5 1
135 6 1
135 7 1
135 8 1
135 9 1
135 10 1
135 11 1
135 12 1
135 13 1
135 14 1
135 15 1
135 16 1
135 17 1
135 18 1
135 19 1
135 20 0
135 21 1
135 22 1
135 23 1
135 24 1
135 25 1
135 26 1
135 27 1
135 28 1
135 29 1
135 30 1
135 31 1
135 32 1
135 33 1
135 34 1
135 35 1
135 36 1
135 37 1
135 38 1
135 39 1
136 0 1
136 1 1
136 3 0
136 4 0
136 5 0
136 6 0
136 7 1
136 8 0
136 9 0
136 10 0
136 11 1
136 12 1
136 13 0
136 14 0
136 15 1
136 16 1
136 17 1
136 18 0
136 19 0
136 20 1
136 21 1
136 22 0
136 23 0
136 24 0
136 25 0
136 26 0
136 27 0
136 28 1
136 29 0
136 30 1
136 31 1
136 32 1
136 33 0
136 34 1
136 35 0
136 38 1
136 45 0
136 40 0
136 41 0
136 44 0
137 0 1
137 1 1
137 3 1
137 4 1
137 5 1
137 6 1
137 7 1
137 8 1
137 9 1
137 10 1
137 11 1
137 12 1
137 13 1
137 14 1
137 15 1
137 16 1
137 17 1
137 18 1
137 19 1
137 20 1
137 21 1
137 22 1
137 23 1
137 24 1
137 25 1
137 26 1
137 27 1
137 28 1
137 29 1
137 30 1
137 31 1
137 32 1
137 33 1
137 34 1
137 35 1
137 38 1
137 45 1
137 40 1
137 41 1
137 44 1
138 0 1
138 1 0
138 3 0
138 4 0
138 5 0
138 6 0
138 7 0
138 8 0
138 9 0
138 10 0
138 11 0
138 12 0
138 13 0
138 14 0
138 15 0
138 16 1
138 17 0
138 18 0
138 19 0
138 20 0
138 21 0
138 22 0
138 23 0
138 24 0
138 25 0
138 26 0
138 27 0
138 28 1
138 29 0
138 30 1
138 31 1
138 32 0
138 33 0
138 34 0
138 35 0
138 38 0
138 45 0
138 40 0
138 41 1
138 44 0
139 0 1
139 1 1
139 3 1
139 4 1
139 5 0
139 6 1
139 7 1
139 8 1
139 9 0
139 10 1
139 11 1
139 12 0
139 13 0
139 14 1
139 15 1
139 16 1
139 17 1
139 18 0
139 19 1
139 20 1
139 21 1
139 22 1
139 23 1
139 24 0
139 25 1
139 26 0
139 27 1
139 28 1
139 29 1
139 30 1
139 31 1
139 32 1
139 33 1
139 34 1
139 35 0
139 38 1
139 45 0
139 40 1
139 41 0
139 44 0
140 0 1
140 1 1
140 3 1
140 4 1
140 5 1
140 6 1
140 7 1
140 8 1
140 9 0
140 10 1
140 11 1
140 12 1
140 13 1
140 14 1
140 15 1
140 16 1
140 17 1
140 18 1
140 19 1
140 20 1
140 21 1
140 22 0
140 23 1
140 24 0
140 25 1
140 26 1
140 27 1
140 28 1
140 29 1
140 30 1
140 31 1
140 32 1
140 33 1
140 34 1
140 35 1
140 38 1
140 45 1
140 40 1
140 41 1
140 44 1
141 0 1
141 1 1
141 3 1
141 4 0
141 5 0
141 6 1
141 7 1
141 8 0
141 9 0
141 10 1
141 11 0
141 12 0
141 13 0
141 14 0
141 15 1
141 16 1
141 17 1
141 18 0
141 19 1
141 20 0
141 21 1
141 22 0
141 23 1
141 24 0
141 25 0
141 26 0
141 27 1
141 28 1
141 29 0
141 30 0
141 31 1
141 32 1
141 33 0
141 34 1
141 35 0
141 38 1
141 45 0
141 40 1
141 41 0
141 44 0
142 0 0
142 1 1
142 3 0
142 4 0
142 5 0
142 6 0
142 7 1
142 8 1
142 9 0
142 10 0
142 11 0
142 12 0
142 13 0
142 14 0
142 15 1
142 16 1
142 17 1
142 18 0
142 19 1
142 20 1
142 21 1
142 22 0
142 23 0
142 24 0
142 25 0
142 26 0
142 27 0
142 28 1
142 29 0
142 30 0
142 31 1
142 32 1
142 33 1
142 34 1
142 35 0
142 38 1
142 45 0
142 40 1
142 41 0
142 44 0
143 0 0
143 1 1
143 3 0
143 4 0
143 5 0
143 6 0
143 7 1
143 8 0
143 9 0
143 10 0
143 11 0
143 12 0
143 13 0
143 14 0
143 15 1
143 16 1
143 17 1
143 18 0
143 19 1
143 20 1
143 21 1
143 22 0
143 23 0
143 24 0
143 25 0
143 26 0
143 27 0
143 28 1
143 29 0
143 30 0
143 31 1
143 32 1
143 33 1
143 34 0
143 35 0
143 38 0
143 45 0
143 40 1
143 41 0
143 44 1
144 0 1
144 1 1
144 3 1
144 4 0
144 5 0
144 6 1
144 7 1
144 8 0
144 9 0
144 10 1
144 11 1
144 12 0
144 13 0
144 14 0
144 15 1
144 16 1
144 17 1
144 18 0
144 19 1
144 20 1
144 21 1
144 22 0
144 23 1
144 24 0
144 25 0
144 26 0
144 27 1
144 28 1
144 29 0
144 30 0
144 31 1
144 32 1
144 33 1
144 34 1
144 35 0
144 38 1
144 45 0
144 40 1
144 41 0
144 44 0
145 0 1
145 1 1
145 3 1
145 4 1
145 5 1
145 6 1
145 7 1
145 8 1
145 9 0
145 10 0
145 11 1
145 12 0
145 13 0
145 14 1
145 15 1
145 16 1
145 17 1
145 18 0
145 19 1
145 20 1
145 21 1
145 22 0
145 23 0
145 24 0
145 25 1
145 26 0
145 27 1
145 28 1
145 29 1
145 30 1
145 31 1
145 32 1
145 33 1
145 34 1
145 35 0
145 38 0
145 45 1
145 40 1
145 41 0
145 44 0
146 0 1
146 1 1
146 2 1
146 3 1
146 4 1
146 5 1
146 6 1
146 7 1
146 8 1
146 9 1
146 10 1
146 11 1
146 12 1
146 13 1
146 14 1
146 15 1
146 16 1
146 17 1
146 18 1
146 19 1
146 20 1
146 21 1
146 22 1
146 23 1
146 24 1
146 25 1
146 26 1
146 27 1
146 28 1
146 29 1
146 30 1
146 31 1
146 32 1
146 33 1
146 34 1
146 35 1
146 36 1
146 37 0
146 38 1
146 39 1
147 0 0
147 1 1
147 3 0
147 4 0
147 5 0
147 6 0
147 7 0
147 8 0
147 9 0
147 10 0
147 11 0
147 12 0
147 13 0
147 14 0
147 15 1
147 16 0
147 17 1
147 18 0
147 19 1
147 20 1
147 21 0
147 22 0
147 23 0
147 24 0
147 25 0
147 26 0
147 27 0
147 28 1
147 29 0
147 30 0
147 31 0
147 32 0
147 33 0
147 34 0
147 35 0
147 38 0
147 45 0
147 40 0
147 41 0
147 44 0
148 0 1
148 1 1
148 3 1
148 4 1
148 5 1
148 6 1
148 7 1
148 8 1
148 9 1
148 10 1
148 11 1
148 12 1
148 13 1
148 14 1
148 15 1
148 16 1
148 17 1
148 18 1
148 19 1
148 20 1
148 21 1
148 22 1
148 23 1
148 24 1
148 25 1
148 26 1
148 27 1
148 28 1
148 29 1
148 30 1
148 31 1
148 32 1
148 33 1
148 34 1
148 35 1
148 38 1
148 45 1
148 40 1
148 41 1
148 44 1
149 0 0
149 1 1
149 3 1
149 4 0
149 5 0
149 6 1
149 7 1
149 8 1
149 9 0
149 10 1
149 11 0
149 12 0
149 13 0
149 14 0
149 15 1
149 16 1
149 17 1
149 18 0
149 19 1
149 20 1
149 21 1
149 22 0
149 23 1
149 24 0
149 25 0
149 26 0
149 27 1
149 28 1
149 29 0
149 30 0
149 31 1
149 32 1
149 33 1
149 34 1
149 35 0
149 38 1
149 45 0
149 40 1
149 41 0
149 44 1
150 0 0
150 1 0
150 3 0
150 4 0
150 5 0
150 6 0
150 7 0
150 8 1
150 9 0
150 10 0
150 11 0
150 12 0
150 13 0
150 14 0
150 15 0
150 16 1
150 17 1
150 18 0
150 19 0
150 20 0
150 21 0
150 22 0
150 23 0
150 24 0
150 25 0
150 26 0
150 27 0
150 28 0
150 29 0
150 30 1
150 31 0
150 32 0
150 33 0
150 34 0
150 35 0
150 38 0
150 45 0
150 40 0
150 41 0
150 44 0
151 0 0
151 1 1
151 3 1
151 4 0
151 5 0
151 6 1
151 7 1
151 8 1
151 9 0
151 10 0
151 11 0
151 12 0
151 13 0
151 14 0
151 15 1
151 16 0
151 17 1
151 18 0
151 19 1
151 20 1
151 21 1
151 22 0
151 23 0
151 24 0
151 25 0
151 26 0
151 27 0
151 28 1
151 29 0
151 30 0
151 31 0
151 32 1
151 33 1
151 34 0
151 35 0
151 38 1
151 45 0
151 40 1
151 41 0
151 44 0
152 0 0
152 1 1
152 3 0
152 4 0
152 5 0
152 6 1
152 7 1
152 8 0
152 9 0
152 10 0
152 11 0
152 12 0
152 13 0
152 14 0
152 15 1
152 16 1
152 17 1
152 18 0
152 19 1
152 20 1
152 21 1
152 22 0
152 23 0
152 24 0
152 25 0
152 26 0
152 27 0
152 28 1
152 29 0
152 30 0
152 31 0
152 32 1
152 33 1
152 34 1
152 35 0
152 38 0
152 45 0
152 40 1
152 41 0
152 44 0
153 0 1
153 1 1
153 3 1
153 4 1
153 5 1
153 6 1
153 7 1
153 8 1
153 9 1
153 10 1
153 11 1
153 12 1
153 13 1
153 14 1
153 15 1
153 16 1
153 17 1
153 18 1
153 19 1
153 20 1
153 21 1
153 22 1
153 23 1
153 24 1
153 25 1
153 26 1
153 27 1
153 28 1
153 29 1
153 30 1
153 31 1
153 32 1
153 33 1
153 34 1
153 35 1
153 38 1
153 45 1
153 40 1
153 41 1
153 44 1
154 0 0
154 1 1
154 3 0
154 4 0
154 5 0
154 6 1
154 7 1
154 8 0
154 9 0
154 10 0
154 11 0
154 12 0
154 13 0
154 14 0
154 15 1
154 16 1
154 17 1
154 18 0
154 19 1
154 20 1
154 21 1
154 22 0
154 23 0
154 24 1
154 25 0
154 26 0
154 27 0
154 28 1
154 29 0
154 30 0
154 31 1
154 32 1
154 33 1
154 34 1
154 35 0
154 38 1
154 45 0
154 40 1
154 41 0
154 44 0
155 0 1
155 1 1
155 3 0
155 4 0
155 5 0
155 6 0
155 7 0
155 8 1
155 9 0
155 10 0
155 11 1
155 12 0
155 13 0
155 14 0
155 15 1
155 16 1
155 17 1
155 18 0
155 19 0
155 20 1
155 21 1
155 22 1
155 23 0
155 24 0
155 25 0
155 26 0
155 27 0
155 28 1
155 29 0
155 30 1
155 31 0
155 32 1
155 33 1
155 34 0
155 35 0
155 38 0
155 45 0
155 40 0
155 41 0
155 44 0
156 0 1
156 1 0
156 3 0
156 4 0
156 5 0
156 6 0
156 7 0
156 8 0
156 9 0
156 10 0
156 11 0
156 12 0
156 13 0
156 14 0
156 15 1
156 16 1
156 17 1
156 18 0
156 19 0
156 20 1
156 21 1
156 22 0
156 23 0
156 24 0
156 25 0
156 26 0
156 27 0
156 28 1
156 29 0
156 30 0
156 31 0
156 32 0
156 33 1
156 34 0
156 35 0
156 38 0
156 45 0
156 40 0
156 41 0
156 44 0
157 0 1
157 1 1
157 2 1
157 3 1
157 4 1
157 5 1
157 6 1
157 7 1
157 8 1
157 9 1
157 10 1
157 11 1
157 12 1
157 13 1
157 14 1
157 15 1
157 16 1
157 17 1
157 18 1
157 19 1
157 20 1
157 21 1
157 22 1
157 23 1
157 24 1
157 25 1
157 26 1
157 27 1
157 28 1
157 29 1
157 30 1
157 31 1
157 32 1
157 33 1
157 34 1
157 35 1
157 36 1
157 37 1
157 38 1
157 39 1
158 0 1
158 1 1
158 2 0
158 3 1
158 4 0
158 5 0
158 6 1
158 7 1
158 8 0
158 9 0
158 10 0
158 11 0
158 12 0
158 13 0
158 14 0
158 15 1
158 16 1
158 17 1
158 18 0
158 19 0
158 20 1
158 21 1
158 22 0
158 23 0
158 24 0
158 25 0
158 26 0
158 27 0
158 28 1
158 29 0
158 30 0
158 31 0
158 32 1
158 33 0
158 34 0
158 35 0
158 36 0
158 37 0
158 38 0
158 39 0
159 0 1
159 1 1
159 2 1
159 3 1
159 4 1
159 5 1
159 6 1
159 7 1
159 8 1
159 9 1
159 10 1
159 11 1
159 12 1
159 13 1
159 14 1
159 15 1
159 16 1
159 17 1
159 18 1
159 19 1
159 20 1
159 21 1
159 22 1
159 23 1
159 24 1
159 25 1
159 26 1
159 27 1
159 28 1
159 29 1
159 30 1
159 31 1
159 32 1
159 33 1
159 34 1
159 35 1
159 36 1
159 37 1
159 38 1
159 39 1
160 0 0
160 1 0
160 2 0
160 3 0
160 4 0
160 5 0
160 6 0
160 7 0
160 8 0
160 9 0
160 10 0
160 11 0
160 12 0
160 13 0
160 14 0
160 15 0
160 16 1
160 17 1
160 18 0
160 19 0
160 20 1
160 21 0
160 22 0
160 23 0
160 24 0
160 25 0
160 26 0
160 27 0
160 28 0
160 29 0
160 30 0
160 31 0
160 32 0
160 33 0
160 34 0
160 35 0
160 36 1
160 37 0
160 38 0
160 39 0
161 0 1
161 1 0
161 2 1
161 3 0
161 4 0
161 5 0
161 6 0
161 7 0
161 8 1
161 9 0
161 10 0
161 11 1
161 12 0
161 13 0
161 14 1
161 15 1
161 16 1
161 17 1
161 18 1
161 19 1
161 20 0
161 21 0
161 22 1
161 23 0
161 24 0
161 25 1
161 26 0
161 27 0
161 28 1
161 29 1
161 30 1
161 31 0
161 32 0
161 33 1
161 34 0
161 35 0
161 36 1
161 37 0
161 38 0
161 39 0
162 0 1
162 1 0
162 2 0
162 3 0
162 4 0
162 5 0
162 6 0
162 7 0
162 8 0
162 9 0
162 10 0
162 11 0
162 12 0
162 13 0
162 14 0
162 15 0
162 16 1
162 17 1
162 18 0
162 19 0
162 20 0
162 21 0
162 22 0
162 23 0
162 24 0
162 25 0
162 26 0
162 27 0
162 28 1
162 29 0
162 30 1
162 31 0
162 32 0
162 33 0
162 34 0
162 35 0
162 36 1
162 37 0
162 38 0
162 39 0
163 0 1
163 1 0
163 2 1
163 3 0
163 4 0
163 5 0
163 6 0
163 7 0
163 8 1
163 9 0
163 10 0
163 11 0
163 12 1
163 13 0
163 14 1
163 15 1
163 16 1
163 17 1
163 18 1
163 19 0
163 20 1
163 21 0
163 22 0
163 23 0
163 24 1
163 25 1
163 26 0
163 27 0
163 28 1
163 29 1
163 30 1
163 31 1
163 32 0
163 33 1
163 34 0
163 35 1
163 36 1
163 37 0
163 38 1
163 39 0
164 0 1
164 1 1
164 2 1
164 3 1
164 4 1
164 5 1
164 6 1
164 7 1
164 8 1
164 9 1
164 10 1
164 11 1
164 12 1
164 13 1
164 14 1
164 15 1
164 16 1
164 17 1
164 18 1
164 19 1
164 20 1
164 21 1
164 22 1
164 23 1
164 24 1
164 25 1
164 26 1
164 27 1
164 28 1
164 29 1
164 30 1
164 31 1
164 32 1
164 33 1
164 34 1
164 35 1
164 36 1
164 37 1
164 38 1
164 39 1
165 0 0
165 1 0
165 2 0
165 3 0
165 4 0
165 5 0
165 6 0
165 7 0
165 8 0
165 9 0
165 10 0
165 11 0
165 12 0
165 13 0
165 14 0
165 15 0
165 16 1
165 17 1
165 18 0
165 19 0
165 20 0
165 21 0
165 22 0
165 23 0
165 24 0
165 25 0
165 26 0
165 27 0
165 28 1
165 29 0
165 30 1
165 31 1
165 32 0
165 33 0
165 34 0
165 35 0
165 36 1
165 37 0
165 38 0
165 39 0
166 0 0
166 1 0
166 2 1
166 3 0
166 4 0
166 5 0
166 6 0
166 7 0
166 8 0
166 9 0
166 10 0
166 11 0
166 12 0
166 13 0
166 14 0
166 15 0
166 16 1
166 17 0
166 18 0
166 19 0
166 20 1
166 21 0
166 22 0
166 23 0
166 24 1
166 25 0
166 26 0
166 27 0
166 28 0
166 29 0
166 30 0
166 31 0
166 32 0
166 33 0
166 34 0
166 35 0
166 36 1
166 37 0
166 38 0
166 39 0
167 0 0
167 1 0
167 2 0
167 3 0
167 4 0
167 5 0
167 6 0
167 7 0
167 8 0
167 9 0
167 10 0
167 11 0
167 12 1
167 13 0
167 14 0
167 15 0
167 16 1
167 17 0
167 18 1
167 19 0
167 20 1
167 21 0
167 22 0
167 23 0
167 24 0
167 25 0
167 26 0
167 27 0
167 28 1
167 29 0
167 30 1
167 31 0
167 32 0
167 33 1
167 34 0
167 35 0
167 36 1
167 37 0
167 38 0
167 39 0
168 0 0
168 1 1
168 2 0
168 3 1
168 4 0
168 5 0
168 6 0
168 7 1
168 8 0
168 9 0
168 10 0
168 11 0
168 12 0
168 13 0
168 14 0
168 15 1
168 16 1
168 17 1
168 18 0
168 19 0
168 20 1
168 21 1
168 22 0
168 23 0
168 24 0
168 25 0
168 26 0
168 27 0
168 28 1
168 29 1
168 30 1
168 31 1
168 32 0
168 33 1
168 34 0
168 35 0
168 36 0
168 37 0
168 38 1
168 39 0
169 0 1
169 1 1
169 2 0
169 3 0
169 4 0
169 5 0
169 6 0
169 7 1
169 8 0
169 9 0
169 10 0
169 11 0
169 12 0
169 13 0
169 14 0
169 15 1
169 16 1
169 17 1
169 18 0
169 19 1
169 20 1
169 21 1
169 22 0
169 23 0
169 24 0
169 25 0
169 26 0
169 27 0
169 28 1
169 29 0
169 30 0
169 31 1
169 32 1
169 33 0
169 34 0
169 35 0
169 36 0
169 37 0
169 38 0
169 39 0
170 0 1
170 1 1
170 2 1
170 3 1
170 4 1
170 5 1
170 6 1
170 7 1
170 8 1
170 9 1
170 10 1
170 11 1
170 12 1
170 13 1
170 14 1
170 15 1
170 16 1
170 17 1
170 18 1
170 19 1
170 20 1
170 21 1
170 22 1
170 23 1
170 24 1
170 25 1
170 26 1
170 27 1
170 28 1
170 29 1
170 30 1
170 31 1
170 32 1
170 33 1
170 34 1
170 35 1
170 36 1
170 37 1
170 38 1
170 39 1
171 0 1
171 1 0
171 2 0
171 3 0
171 4 0
171 5 0
171 6 1
171 7 0
171 8 1
171 9 0
171 10 0
171 11 0
171 12 0
171 13 0
171 14 0
171 15 1
171 16 1
171 17 1
171 18 0
171 19 0
171 20 0
171 21 0
171 22 1
171 23 0
171 24 0
171 25 0
171 26 0
171 27 0
171 28 1
171 29 0
171 30 1
171 31 0
171 32 0
171 33 0
171 34 0
171 35 0
171 36 1
171 37 0
171 38 0
171 39 0
172 0 0
172 1 1
172 2 0
172 3 1
172 4 0
172 5 0
172 6 1
172 7 1
172 8 0
172 9 0
172 10 0
172 11 0
172 12 0
172 13 0
172 14 0
172 15 1
172 16 0
172 17 1
172 18 0
172 19 1
172 20 1
172 21 1
172 22 0
172 23 1
172 24 0
172 25 0
172 26 0
172 27 1
172 28 1
172 29 0
172 30 1
172 31 1
172 32 1
172 33 1
172 34 1
172 35 0
172 36 1
172 37 0
172 38 1
172 39 0
173 0 1
173 1 1
173 2 0
173 3 1
173 4 0
173 5 0
173 6 1
173 7 1
173 8 1
173 9 0
173 10 0
173 11 0
173 12 0
173 13 0
173 14 0
173 15 1
173 16 0
173 17 1
173 18 0
173 19 1
173 20 1
173 21 1
173 22 0
173 23 1
173 24 0
173 25 0
173 26 0
173 27 1
173 28 1
173 29 1
173 30 0
173 31 1
173 32 1
173 33 1
173 34 1
173 35 0
173 36 1
173 37 0
173 38 1
173 39 0
174 0 1
174 1 0
174 2 0
174 3 0
174 4 0
174 5 0
174 6 1
174 7 0
174 8 0
174 9 0
174 10 0
174 11 0
174 12 0
174 13 0
174 14 0
174 15 1
174 16 1
174 17 1
174 18 0
174 19 0
174 20 0
174 21 0
174 22 0
174 23 0
174 24 0
174 25 0
174 26 0
174 27 0
174 28 0
174 29 0
174 30 0
174 31 1
174 32 0
174 33 0
174 34 0
174 35 0
174 36 1
174 37 0
174 38 0
174 39 0
175 1 0
175 3 0
175 4 0
175 5 0
175 6 0
175 7 0
175 8 1
175 9 0
175 10 0
175 11 0
175 12 0
175 13 1
175 14 0
175 15 0
175 16 1
175 17 1
175 19 0
175 20 0
175 21 0
175 22 0
175 23 0
175 24 0
175 25 0
175 26 0
175 28 0
175 29 0
175 30 0
175 31 0
175 33 0
175 34 0
175 35 0
175 37 0
175 39 0
175 45 0
175 50 0
175 40 0
175 52 0
175 46 0
175 41 0
175 42 0
176 1 0
176 3 0
176 4 0
176 5 0
176 6 0
176 7 0
176 8 0
176 9 0
176 10 0
176 11 0
176 12 0
176 13 0
176 14 0
176 15 1
176 16 0
176 17 1
176 19 1
176 20 0
176 21 0
176 22 0
176 23 0
176 24 1
176 25 0
176 26 0
176 28 1
176 29 0
176 30 0
176 31 0
176 33 1
176 34 0
176 35 0
176 37 0
176 39 0
176 45 0
176 50 0
176 40 1
176 52 0
176 46 0
176 41 0
176 42 1
177 1 0
177 3 0
177 4 0
177 5 0
177 6 0
177 7 0
177 8 0
177 9 0
177 10 0
177 11 0
177 12 0
177 13 0
177 14 0
177 15 0
177 16 1
177 17 1
177 19 0
177 20 0
177 21 0
177 22 0
177 23 0
177 24 0
177 25 0
177 26 0
177 28 1
177 29 0
177 30 1
177 31 0
177 33 0
177 34 0
177 35 0
177 37 0
177 39 0
177 45 0
177 50 0
177 40 1
177 52 0
177 46 0
177 41 0
177 42 0
178 1 1
178 3 1
178 4 0
178 5 0
178 6 1
178 7 1
178 8 0
178 9 0
178 10 0
178 11 0
178 12 0
178 13 0
178 14 0
178 15 1
178 16 1
178 17 1
178 19 1
178 20 0
178 21 1
178 22 0
178 23 1
178 24 0
178 25 0
178 26 0
178 28 1
178 29 0
178 30 0
178 31 1
178 33 0
178 34 1
178 35 0
178 37 0
178 39 0
178 45 0
178 50 1
178 40 1
178 52 0
178 46 0
178 41 0
178 42 0
179 1 1
179 3 1
179 4 1
179 5 1
179 6 1
179 7 1
179 8 1
179 9 1
179 10 1
179 11 1
179 12 1
179 13 1
179 14 1
179 15 1
179 16 1
179 17 1
179 19 1
179 20 1
179 21 1
179 22 1
179 23 1
179 24 1
179 25 1
179 26 1
179 28 1
179 29 1
179 30 1
179 31 1
179 33 1
179 34 1
179 35 1
179 37 1
179 39 1
179 45 1
179 50 1
179 40 1
179 52 1
179 46 1
179 41 1
179 42 1
180 1 1
180 3 0
180 4 0
180 5 0
180 6 0
180 7 1
180 8 0
180 9 0
180 10 0
180 11 0
180 12 0
180 13 0
180 14 0
180 15 1
180 16 1
180 17 1
180 19 1
180 20 0
180 21 1
180 22 0
180 23 0
180 24 0
180 25 0
180 26 0
180 28 1
180 29 0
180 30 0
180 31 1
180 33 1
180 34 1
180 35 0
180 37 0
180 39 0
180 45 0
180 50 0
180 40 1
180 52 0
180 46 0
180 41 0
180 42 0
181 1 1
181 3 1
181 4 1
181 5 1
181 6 1
181 7 1
181 8 1
181 9 1
181 10 1
181 11 1
181 12 1
181 13 1
181 14 1
181 15 1
181 16 1
181 17 1
181 19 1
181 20 1
181 21 1
181 22 1
181 23 1
181 24 1
181 25 1
181 26 1
181 28 1
181 29 1
181 30 1
181 31 1
181 33 1
181 34 1
181 35 1
181 37 1
181 39 1
181 45 1
181 50 1
181 40 1
181 52 1
181 46 1
181 41 1
181 42 1
182 1 0
182 3 0
182 4 0
182 5 0
182 6 0
182 7 0
182 8 0
182 9 0
182 10 0
182 11 0
182 12 0
182 13 0
182 14 0
182 15 0
182 16 1
182 17 1
182 19 0
182 20 0
182 21 0
182 22 0
182 23 0
182 24 1
182 25 1
182 26 0
182 28 1
182 29 0
182 30 1
182 31 0
182 33 1
182 34 0
182 35 0
182 37 0
182 39 0
182 45 0
182 50 0
182 40 0
182 52 0
182 46 0
182 41 0
182 42 1
183 1 1
183 3 1
183 4 0
183 5 0
183 6 1
183 7 1
183 8 1
183 9 0
183 10 0
183 11 0
183 12 0
183 13 0
183 14 0
183 15 1
183 16 0
183 17 0
183 19 1
183 20 0
183 21 1
183 22 0
183 23 1
183 24 0
183 25 0
183 26 0
183 28 1
183 29 0
183 30 0
183 31 1
183 33 0
183 34 0
183 35 0
183 37 0
183 39 0
183 45 0
183 50 1
183 40 1
183 52 0
183 46 0
183 41 0
183 42 0
184 1 1
184 3 1
184 4 1
184 5 1
184 6 1
184 7 1
184 8 1
184 9 1
184 10 1
184 11 1
184 12 1
184 13 1
184 14 1
184 15 1
184 16 1
184 17 1
184 19 1
184 20 1
184 21 1
184 22 1
184 23 1
184 24 1
184 25 1
184 26 1
184 28 1
184 29 1
184 30 1
184 31 1
184 33 1
184 34 1
184 35 1
184 37 1
184 39 1
184 45 1
184 50 1
184 40 1
184 52 1
184 46 1
184 41 1
184 42 1
185 0 1
185 1 0
185 2 0
185 3 0
185 4 0
185 5 0
185 6 0
185 7 0
185 8 0
185 9 0
185 10 0
185 11 0
185 12 0
185 13 0
185 14 0
185 15 0
185 16 1
185 17 1
185 18 0
185 19 0
185 20 1
185 21 0
185 22 0
185 23 0
185 24 0
185 25 0
185 26 0
185 27 0
185 28 0
185 29 0
185 30 0
185 31 0
185 32 0
185 33 0
185 34 0
185 35 1
185 36 1
185 37 0
185 38 0
185 39 0
186 1 1
186 3 0
186 4 0
186 5 0
186 6 0
186 7 1
186 8 0
186 9 0
186 10 0
186 11 0
186 12 0
186 13 0
186 14 0
186 15 1
186 16 1
186 17 1
186 19 0
186 20 1
186 21 0
186 22 0
186 23 0
186 24 0
186 25 0
186 26 0
186 28 1
186 29 0
186 30 0
186 31 1
186 33 1
186 34 0
186 35 0
186 37 0
186 39 0
186 45 0
186 50 0
186 40 1
186 52 0
186 46 0
186 41 0
186 42 0
187 1 1
187 3 1
187 4 0
187 5 0
187 6 1
187 7 1
187 8 1
187 9 0
187 10 0
187 11 0
187 12 0
187 13 0
187 14 1
187 15 1
187 16 1
187 17 1
187 19 1
187 20 1
187 21 1
187 22 0
187 23 1
187 24 0
187 25 1
187 26 0
187 28 1
187 29 0
187 30 1
187 31 0
187 33 1
187 34 0
187 35 0
187 37 0
187 39 0
187 45 0
187 50 0
187 40 1
187 52 0
187 46 0
187 41 1
187 42 1
188 1 0
188 3 0
188 4 0
188 5 0
188 6 0
188 7 0
188 8 1
188 9 0
188 10 0
188 11 0
188 12 0
188 13 0
188 14 1
188 15 1
188 16 1
188 17 1
188 19 0
188 20 1
188 21 0
188 22 0
188 23 0
188 24 0
188 25 1
188 26 0
188 28 0
188 29 1
188 30 0
188 31 0
188 33 1
188 34 0
188 35 0
188 37 0
188 39 0
188 45 0
188 50 0
188 40 0
188 52 0
188 46 0
188 41 0
188 42 1
189 1 1
189 3 1
189 4 0
189 5 1
189 6 1
189 7 1
189 8 1
189 9 0
189 10 1
189 11 1
189 12 1
189 13 0
189 14 1
189 15 1
189 16 1
189 17 1
189 19 1
189 20 1
189 21 1
189 22 1
189 23 1
189 24 1
189 25 1
189 26 1
189 28 1
189 29 1
189 30 1
189 31 1
189 33 1
189 34 1
189 35 1
189 37 0
189 39 1
189 45 0
189 50 0
189 40 1
189 52 1
189 46 1
189 41 1
189 42 1
190 1 0
190 3 0
190 4 0
190 5 0
190 6 0
190 7 0
190 8 1
190 9 0
190 10 0
190 11 0
190 12 0
190 13 0
190 14 0
190 15 0
190 16 1
190 17 1
190 19 0
190 20 0
190 21 0
190 22 0
190 23 0
190 24 0
190 25 1
190 26 0
190 28 1
190 29 0
190 30 0
190 31 0
190 33 1
190 34 0
190 35 1
190 37 0
190 39 0
190 45 1
190 50 0
190 40 0
190 52 0
190 46 0
190 41 0
190 42 0
191 1 1
191 3 1
191 4 0
191 5 0
191 6 1
191 7 1
191 8 1
191 9 0
191 10 0
191 11 0
191 12 0
191 13 0
191 14 0
191 15 1
191 16 0
191 17 1
191 19 1
191 20 1
191 21 1
191 22 0
191 23 1
191 24 0
191 25 1
191 26 0
191 28 1
191 29 1
191 30 1
191 31 1
191 33 1
191 34 1
191 35 0
191 37 0
191 39 0
191 45 0
191 50 1
191 40 1
191 52 0
191 46 0
191 41 0
191 42 1
192 1 0
192 3 0
192 4 0
192 5 0
192 6 0
192 7 0
192 8 0
192 9 0
192 10 0
192 11 0
192 12 0
192 13 0
192 14 0
192 15 0
192 16 1
192 17 1
192 19 0
192 20 0
192 21 0
192 22 0
192 23 0
192 24 0
192 25 1
192 26 0
192 28 0
192 29 0
192 30 1
192 31 0
192 33 1
192 34 0
192 35 0
192 37 0
192 39 0
192 45 0
192 50 0
192 40 0
192 52 0
192 46 0
192 41 0
192 42 1
193 1 0
193 3 0
193 4 0
193 5 0
193 6 0
193 7 0
193 8 0
193 9 0
193 10 0
193 11 0
193 12 0
193 13 0
193 14 0
193 15 0
193 16 1
193 17 1
193 19 0
193 20 0
193 21 0
193 22 0
193 23 0
193 24 0
193 25 0
193 26 0
193 28 1
193 29 0
193 30 0
193 31 0
193 33 1
193 34 0
193 35 0
193 37 0
193 39 0
193 45 0
193 50 0
193 40 0
193 52 0
193 46 0
193 41 0
193 42 1
194 1 1
194 3 1
194 4 1
194 5 1
194 6 1
194 7 1
194 8 1
194 9 1
194 10 1
194 11 1
194 12 1
194 13 1
194 14 1
194 15 1
194 16 1
194 17 1
194 19 1
194 20 1
194 21 1
194 22 1
194 23 1
194 24 1
194 25 1
194 26 1
194 28 1
194 29 1
194 30 1
194 31 1
194 33 1
194 34 1
194 35 1
194 37 1
194 39 0
194 45 1
194 50 1
194 40 1
194 52 1
194 46 1
194 41 1
194 42 1
195 1 0
195 3 0
195 4 0
195 5 0
195 6 0
195 7 0
195 8 0
195 9 0
195 10 0
195 11 0
195 12 0
195 13 0
195 14 0
195 15 0
195 16 1
195 17 1
195 19 0
195 20 0
195 21 0
195 22 0
195 23 0
195 24 0
195 25 1
195 26 0
195 28 1
195 29 0
195 30 1
195 31 0
195 33 1
195 34 0
195 35 0
195 37 0
195 39 0
195 45 0
195 50 0
195 40 0
195 52 0
195 46 0
195 41 0
195 42 1
196 0 0
196 1 0
196 2 1
196 3 0
196 4 0
196 5 0
196 6 0
196 7 0
196 8 0
196 9 0
196 10 0
196 11 0
196 12 0
196 13 0
196 14 0
196 15 0
196 16 1
196 17 0
196 18 0
196 19 0
196 20 1
196 21 0
196 22 0
196 23 0
196 24 0
196 25 0
196 26 0
196 27 0
196 28 1
196 29 0
196 30 1
196 31 0
196 32 0
196 33 0
196 34 0
196 35 0
196 36 1
196 37 0
196 38 0
196 39 0
197 1 1
197 3 0
197 4 0
197 5 0
197 6 0
197 7 1
197 8 0
197 9 0
197 10 0
197 11 0
197 12 0
197 13 0
197 14 0
197 15 1
197 16 0
197 17 1
197 19 1
197 20 0
197 21 1
197 22 0
197 23 0
197 24 0
197 25 0
197 26 0
197 28 1
197 29 0
197 30 0
197 31 0
197 33 1
197 34 0
197 35 0
197 37 0
197 39 0
197 45 0
197 50 0
197 40 1
197 52 0
197 46 0
197 41 0
197 42 1
198 1 1
198 3 1
198 4 0
198 5 0
198 6 1
198 7 1
198 8 0
198 9 0
198 10 0
198 11 0
198 12 0
198 13 0
198 14 1
198 15 1
198 16 0
198 17 1
198 19 1
198 20 1
198 21 1
198 22 0
198 23 1
198 24 0
198 25 1
198 26 0
198 28 1
198 29 1
198 30 0
198 31 1
198 33 1
198 34 1
198 35 1
198 37 0
198 39 0
198 45 0
198 50 1
198 40 1
198 52 0
198 46 0
198 41 1
198 42 0
199 1 0
199 3 0
199 4 0
199 5 0
199 6 0
199 7 0
199 8 0
199 9 0
199 10 0
199 11 0
199 12 0
199 13 0
199 14 0
199 15 0
199 16 1
199 17 0
199 19 0
199 20 0
199 21 0
199 22 0
199 23 0
199 24 0
199 25 0
199 26 0
199 28 1
199 29 0
199 30 0
199 31 0
199 33 0
199 34 0
199 35 0
199 37 0
199 39 0
199 45 0
199 50 0
199 40 0
199 52 0
199 46 0
199 41 0
199 42 0
200 1 0
200 3 0
200 4 0
200 5 0
200 6 0
200 7 0
200 8 0
200 9 0
200 10 0
200 11 0
200 12 0
200 13 0
200 14 0
200 15 0
200 16 1
200 17 1
200 19 0
200 20 1
200 21 0
200 22 0
200 23 0
200 24 0
200 25 1
200 26 0
200 28 0
200 29 0
200 30 1
200 31 0
200 33 1
200 34 0
200 35 0
200 37 0
200 39 0
200 45 0
200 50 0
200 40 0
200 52 0
200 46 0
200 41 0
200 42 0
201 1 0
201 3 1
201 4 0
201 5 0
201 6 0
201 7 0
201 8 1
201 9 0
201 10 0
201 11 0
201 12 0
201 13 0
201 14 0
201 15 0
201 16 1
201 17 1
201 19 0
201 20 0
201 21 0
201 22 0
201 23 0
201 24 0
201 25 0
201 26 0
201 28 1
201 29 0
201 30 1
201 31 0
201 33 0
201 34 0
201 35 0
201 37 0
201 39 0
201 45 0
201 50 0
201 40 1
201 52 0
201 46 0
201 41 0
201 42 1
202 1 0
202 3 0
202 4 0
202 5 0
202 6 0
202 7 0
202 8 1
202 9 0
202 10 0
202 11 0
202 12 0
202 13 0
202 14 1
202 15 1
202 16 0
202 17 1
202 19 0
202 20 0
202 21 0
202 22 0
202 23 0
202 24 0
202 25 0
202 26 0
202 28 1
202 29 0
202 30 1
202 31 0
202 33 1
202 34 0
202 35 0
202 37 0
202 39 0
202 45 0
202 50 1
202 40 1
202 52 0
202 46 0
202 41 1
202 42 1
203 1 0
203 3 0
203 4 0
203 5 0
203 6 0
203 7 0
203 8 0
203 9 0
203 10 0
203 11 0
203 12 0
203 13 0
203 14 0
203 15 0
203 16 1
203 17 0
203 19 0
203 20 0
203 21 0
203 22 0
203 23 0
203 24 0
203 25 1
203 26 0
203 28 0
203 29 0
203 30 0
203 31 0
203 33 0
203 34 0
203 35 0
203 37 0
203 39 0
203 45 1
203 50 0
203 40 0
203 52 0
203 46 0
203 41 1
203 42 0
204 1 1
204 3 1
204 4 0
204 5 0
204 6 1
204 7 1
204 8 1
204 9 0
204 10 0
204 11 0
204 12 0
204 13 0
204 14 0
204 15 1
204 16 1
204 17 1
204 19 0
204 20 0
204 21 1
204 22 1
204 23 0
204 24 1
204 25 0
204 26 0
204 28 1
204 29 0
204 30 1
204 31 1
204 33 1
204 34 1
204 35 1
204 37 0
204 39 0
204 45 0
204 50 1
204 40 0
204 52 0
204 46 0
204 41 0
204 42 1
205 1 1
205 3 1
205 4 0
205 5 0
205 6 1
205 7 1
205 8 1
205 9 0
205 10 0
205 11 0
205 12 0
205 13 0
205 14 0
205 15 1
205 16 0
205 17 1
205 19 1
205 20 1
205 21 1
205 22 0
205 23 1
205 24 0
205 25 0
205 26 0
205 28 1
205 29 1
205 30 1
205 31 1
205 33 1
205 34 1
205 35 0
205 37 0
205 39 0
205 45 0
205 50 1
205 40 1
205 52 0
205 46 0
205 41 0
205 42 1
206 1 1
206 3 1
206 4 0
206 5 0
206 6 1
206 7 1
206 8 0
206 9 0
206 10 0
206 11 0
206 12 0
206 13 0
206 14 0
206 15 1
206 16 1
206 17 1
206 19 1
206 20 0
206 21 1
206 22 0
206 23 1
206 24 0
206 25 0
206 26 0
206 28 1
206 29 0
206 30 0
206 31 1
206 33 1
206 34 1
206 35 0
206 37 0
206 39 0
206 45 0
206 50 1
206 40 1
206 52 0
206 46 0
206 41 0
206 42 1
207 0 0
207 1 1
207 2 0
207 3 0
207 4 0
207 5 0
207 6 0
207 7 1
207 8 0
207 9 0
207 10 0
207 11 0
207 12 0
207 13 0
207 14 0
207 15 1
207 16 0
207 17 1
207 18 0
207 19 1
207 20 1
207 21 1
207 22 0
207 23 1
207 24 0
207 25 0
207 26 0
207 27 0
207 28 0
207 29 0
207 30 0
207 31 1
207 32 1
207 33 0
207 34 0
207 35 0
207 36 0
207 37 0
207 38 1
207 39 0
208 1 1
208 3 1
208 4 0
208 5 0
208 6 1
208 7 1
208 8 0
208 9 0
208 10 0
208 11 0
208 12 0
208 13 0
208 14 0
208 15 1
208 16 0
208 17 1
208 19 1
208 20 0
208 21 1
208 22 0
208 23 1
208 24 0
208 25 0
208 26 0
208 28 1
208 29 0
208 30 0
208 31 1
208 33 1
208 34 1
208 35 0
208 37 0
208 39 0
208 45 0
208 50 1
208 40 1
208 52 0
208 46 0
208 41 0
208 42 1
209 1 1
209 3 0
209 4 0
209 5 0
209 6 0
209 7 0
209 8 1
209 9 0
209 10 0
209 11 0
209 12 1
209 13 0
209 14 1
209 15 1
209 16 1
209 17 1
209 19 0
209 20 1
209 21 1
209 22 1
209 23 0
209 24 0
209 25 1
209 26 0
209 28 1
209 29 1
209 30 1
209 31 1
209 33 1
209 34 0
209 35 1
209 37 0
209 39 1
209 45 1
209 50 1
209 40 0
209 52 0
209 46 0
209 41 0
209 42 1
210 1 1
210 3 1
210 4 0
210 5 0
210 6 1
210 7 1
210 8 1
210 9 0
210 10 0
210 11 0
210 12 0
210 13 0
210 14 0
210 15 1
210 16 0
210 17 1
210 19 1
210 20 0
210 21 1
210 22 0
210 23 1
210 24 0
210 25 0
210 26 0
210 28 1
210 29 0
210 30 1
210 31 0
210 33 1
210 34 1
210 35 0
210 37 0
210 39 0
210 45 0
210 50 0
210 40 1
210 52 0
210 46 0
210 41 0
210 42 1
211 1 1
211 3 1
211 4 0
211 5 0
211 6 1
211 7 1
211 8 0
211 9 0
211 10 0
211 11 0
211 12 0
211 13 0
211 14 0
211 15 1
211 16 0
211 17 1
211 19 1
211 20 1
211 21 1
211 22 0
211 23 1
211 24 0
211 25 0
211 26 0
211 28 1
211 29 0
211 30 0
211 31 0
211 33 1
211 34 1
211 35 0
211 37 0
211 39 0
211 45 0
211 50 1
211 40 1
211 52 0
211 46 0
211 41 0
211 42 0
212 1 1
212 3 0
212 4 0
212 5 0
212 6 1
212 7 1
212 8 0
212 9 0
212 10 0
212 11 0
212 12 0
212 13 0
212 14 0
212 15 1
212 16 1
212 17 1
212 19 1
212 20 0
212 21 1
212 22 0
212 23 0
212 24 0
212 25 0
212 26 0
212 28 1
212 29 0
212 30 1
212 31 1
212 33 1
212 34 1
212 35 0
212 37 0
212 39 0
212 45 0
212 50 0
212 40 1
212 52 0
212 46 0
212 41 0
212 42 1
213 1 1
213 3 1
213 4 1
213 5 1
213 6 1
213 7 1
213 8 1
213 9 1
213 10 1
213 11 1
213 12 1
213 13 1
213 14 1
213 15 1
213 16 1
213 17 1
213 19 1
213 20 1
213 21 1
213 22 1
213 23 1
213 24 1
213 25 1
213 26 1
213 28 1
213 29 1
213 30 1
213 31 1
213 33 1
213 34 1
213 35 1
213 37 1
213 39 1
213 45 1
213 50 1
213 40 1
213 52 1
213 46 1
213 41 1
213 42 1
214 1 1
214 3 0
214 4 0
214 5 0
214 6 0
214 7 1
214 8 0
214 9 0
214 10 0
214 11 0
214 12 0
214 13 0
214 14 0
214 15 1
214 16 1
214 17 1
214 19 0
214 20 1
214 21 1
214 22 0
214 23 0
214 24 0
214 25 0
214 26 0
214 28 1
214 29 1
214 30 0
214 31 1
214 33 1
214 34 0
214 35 0
214 37 0
214 39 0
214 45 0
214 50 0
214 40 0
214 52 0
214 46 0
214 41 0
214 42 1
215 1 1
215 3 1
215 4 0
215 5 0
215 6 0
215 7 1
215 8 0
215 9 0
215 10 0
215 11 0
215 12 0
215 13 0
215 14 0
215 15 1
215 16 1
215 17 1
215 19 1
215 20 1
215 21 1
215 22 0
215 23 0
215 24 0
215 25 0
215 26 0
215 28 1
215 29 0
215 30 0
215 31 0
215 33 1
215 34 1
215 35 0
215 37 0
215 39 0
215 45 0
215 50 0
215 40 1
215 52 0
215 46 0
215 41 1
215 42 1
216 1 1
216 3 1
216 4 0
216 5 0
216 6 1
216 7 1
216 8 1
216 9 0
216 10 0
216 11 0
216 12 1
216 13 0
216 14 0
216 15 1
216 16 1
216 17 1
216 19 1
216 20 1
216 21 1
216 22 0
216 23 1
216 24 0
216 25 1
216 26 0
216 28 1
216 29 1
216 30 1
216 31 1
216 33 1
216 34 1
216 35 0
216 37 0
216 39 0
216 45 0
216 50 1
216 40 1
216 52 0
216 46 0
216 41 0
216 42 1
217 1 0
217 3 0
217 4 0
217 5 0
217 6 0
217 7 0
217 8 0
217 9 0
217 10 0
217 11 0
217 12 0
217 13 0
217 14 0
217 15 0
217 16 1
217 17 1
217 19 0
217 20 0
217 21 0
217 22 0
217 23 0
217 24 0
217 25 0
217 26 0
217 28 1
217 29 0
217 30 0
217 31 0
217 33 0
217 34 0
217 35 0
217 37 0
217 39 0
217 45 0
217 50 0
217 40 0
217 52 0
217 46 0
217 41 1
217 42 0
218 0 1
218 1 1
218 2 1
218 3 1
218 4 1
218 5 1
218 6 1
218 7 1
218 8 1
218 9 0
218 10 0
218 11 1
218 12 1
218 13 0
218 14 1
218 15 1
218 16 1
218 17 1
218 18 1
218 19 1
218 20 1
218 21 1
218 22 1
218 23 1
218 24 1
218 25 1
218 26 0
218 27 1
218 28 1
218 29 1
218 30 1
218 31 1
218 32 1
218 33 1
218 34 1
218 35 1
218 36 1
218 37 1
218 38 1
218 39 1
219 0 1
219 1 1
219 4 0
219 5 0
219 6 1
219 7 1
219 8 0
219 9 0
219 10 1
219 11 0
219 12 0
219 13 0
219 14 0
219 15 1
219 16 0
219 17 1
219 18 0
219 19 1
219 20 1
219 21 1
219 22 0
219 23 1
219 24 0
219 25 0
219 26 0
219 28 1
219 29 0
219 30 0
219 31 1
219 32 1
219 33 0
219 34 1
219 35 0
219 37 0
219 39 0
219 40 1
219 41 0
219 42 1
219 43 1
219 44 0
220 0 1
220 1 1
220 4 1
220 5 0
220 6 1
220 7 1
220 8 1
220 9 0
220 10 1
220 11 1
220 12 0
220 13 0
220 14 1
220 15 1
220 16 1
220 17 1
220 18 1
220 19 1
220 20 1
220 21 1
220 22 1
220 23 1
220 24 0
220 25 1
220 26 0
220 28 1
220 29 1
220 30 1
220 31 0
220 32 1
220 33 1
220 34 1
220 35 0
220 37 0
220 39 0
220 40 1
220 41 0
220 42 0
220 43 1
220 44 0
221 0 1
221 1 1
221 4 0
221 5 0
221 6 1
221 7 1
221 8 0
221 9 0
221 10 1
221 11 0
221 12 0
221 13 0
221 14 0
221 15 1
221 16 1
221 17 1
221 18 1
221 19 1
221 20 1
221 21 0
221 22 0
221 23 0
221 24 0
221 25 0
221 26 0
221 28 1
221 29 0
221 30 1
221 31 1
221 32 1
221 33 1
221 34 1
221 35 0
221 37 0
221 39 0
221 40 1
221 41 1
221 42 1
221 43 1
221 44 0
222 0 1
222 1 1
222 4 1
222 5 1
222 6 1
222 7 1
222 8 1
222 9 0
222 10 1
222 11 1
222 12 1
222 13 1
222 14 1
222 15 1
222 16 1
222 17 1
222 18 1
222 19 1
222 20 1
222 21 1
222 22 1
222 23 1
222 24 1
222 25 1
222 26 1
222 28 1
222 29 1
222 30 1
222 31 1
222 32 1
222 33 1
222 34 1
222 35 1
222 37 0
222 39 1
222 40 1
222 41 1
222 42 1
222 43 1
222 44 1
223 0 0
223 1 1
223 4 0
223 5 0
223 6 0
223 7 1
223 8 1
223 9 0
223 10 0
223 11 0
223 12 0
223 13 0
223 14 1
223 15 1
223 16 1
223 17 1
223 18 0
223 19 1
223 20 1
223 21 0
223 22 0
223 23 0
223 24 0
223 25 0
223 26 1
223 28 1
223 29 1
223 30 0
223 31 1
223 32 1
223 33 1
223 34 0
223 35 0
223 37 0
223 39 0
223 40 0
223 41 0
223 42 0
223 43 1
223 44 0
224 0 0
224 1 1
224 4 0
224 5 0
224 6 1
224 7 1
224 8 0
224 9 0
224 10 1
224 11 0
224 12 0
224 13 0
224 14 0
224 15 1
224 16 1
224 17 1
224 18 0
224 19 1
224 20 1
224 21 1
224 22 0
224 23 1
224 24 0
224 25 0
224 26 0
224 28 1
224 29 0
224 30 0
224 31 1
224 32 1
224 33 1
224 34 1
224 35 0
224 37 0
224 39 0
224 40 1
224 41 0
224 42 1
224 43 1
224 44 0
225 0 0
225 1 1
225 4 0
225 5 1
225 6 0
225 7 1
225 8 0
225 9 0
225 10 1
225 11 0
225 12 0
225 13 0
225 14 0
225 15 1
225 16 1
225 17 1
225 18 1
225 19 1
225 20 1
225 21 1
225 22 0
225 23 0
225 24 0
225 25 0
225 26 0
225 28 1
225 29 1
225 30 1
225 31 1
225 32 1
225 33 1
225 34 1
225 35 0
225 37 0
225 39 0
225 40 1
225 41 0
225 42 1
225 43 1
225 44 0
226 0 1
226 1 1
226 4 0
226 5 0
226 6 1
226 7 1
226 8 1
226 9 0
226 10 1
226 11 0
226 12 0
226 13 0
226 14 0
226 15 1
226 16 0
226 17 1
226 18 0
226 19 1
226 20 0
226 21 1
226 22 1
226 23 1
226 24 0
226 25 0
226 26 0
226 28 1
226 29 0
226 30 1
226 31 1
226 32 1
226 33 1
226 34 1
226 35 0
226 37 0
226 39 0
226 40 1
226 41 0
226 42 0
226 43 1
226 44 0
227 0 0
227 1 0
227 4 0
227 5 0
227 6 0
227 7 0
227 8 0
227 9 0
227 10 0
227 11 0
227 12 0
227 13 0
227 14 0
227 15 0
227 16 1
227 17 0
227 18 0
227 19 0
227 20 0
227 21 0
227 22 0
227 23 0
227 24 0
227 25 0
227 26 0
227 28 1
227 29 0
227 30 0
227 31 0
227 32 0
227 33 0
227 34 0
227 35 0
227 37 0
227 39 0
227 40 0
227 41 0
227 42 0
227 43 1
227 44 0
228 0 0
228 1 1
228 4 0
228 5 0
228 6 1
228 7 1
228 8 0
228 9 0
228 10 0
228 11 0
228 12 0
228 13 0
228 14 0
228 15 1
228 16 1
228 17 1
228 18 0
228 19 1
228 20 1
228 21 0
228 22 0
228 23 0
228 24 0
228 25 0
228 26 0
228 28 1
228 29 0
228 30 0
228 31 1
228 32 1
228 33 1
228 34 1
228 35 1
228 37 0
228 39 0
228 40 1
228 41 0
228 42 1
228 43 1
228 44 0
229 0 1
229 1 1
229 2 0
229 3 0
229 4 0
229 5 0
229 6 0
229 7 1
229 8 0
229 9 0
229 10 0
229 11 0
229 12 0
229 13 0
229 14 0
229 15 1
229 16 1
229 17 1
229 18 0
229 19 1
229 20 1
229 21 1
229 22 0
229 23 0
229 24 0
229 25 0
229 26 0
229 27 0
229 28 1
229 29 0
229 30 0
229 31 1
229 32 1
229 33 1
229 34 1
229 35 0
229 36 0
229 37 0
229 38 0
229 39 0
230 0 1
230 1 0
230 4 1
230 5 1
230 6 1
230 7 0
230 8 1
230 9 0
230 10 1
230 11 1
230 12 0
230 13 0
230 14 1
230 15 1
230 16 1
230 17 1
230 18 1
230 19 0
230 20 1
230 21 0
230 22 1
230 23 0
230 24 0
230 25 1
230 26 0
230 28 1
230 29 1
230 30 1
230 31 1
230 32 1
230 33 1
230 34 1
230 35 0
230 37 0
230 39 0
230 40 0
230 41 1
230 42 1
230 43 1
230 44 0
231 0 1
231 1 1
231 4 1
231 5 1
231 6 1
231 7 1
231 8 1
231 9 1
231 10 1
231 11 1
231 12 1
231 13 1
231 14 1
231 15 1
231 16 1
231 17 1
231 18 1
231 19 1
231 20 1
231 21 1
231 22 1
231 23 1
231 24 1
231 25 1
231 26 1
231 28 1
231 29 1
231 30 1
231 31 1
231 32 1
231 33 1
231 34 1
231 35 1
231 37 1
231 39 1
231 40 1
231 41 1
231 42 1
231 43 1
231 44 1
232 0 1
232 1 0
232 4 1
232 5 0
232 6 0
232 7 0
232 8 1
232 9 0
232 10 0
232 11 1
232 12 0
232 13 0
232 14 1
232 15 0
232 16 1
232 17 1
232 18 1
232 19 0
232 20 1
232 21 0
232 22 1
232 23 0
232 24 0
232 25 1
232 26 0
232 28 1
232 29 1
232 30 1
232 31 0
232 32 1
232 33 1
232 34 1
232 35 0
232 37 0
232 39 0
232 40 0
232 41 0
232 42 0
232 43 1
232 44 0
233 0 1
233 1 1
233 4 1
233 5 1
233 6 1
233 7 1
233 8 1
233 9 1
233 10 1
233 11 1
233 12 1
233 13 1
233 14 1
233 15 1
233 16 1
233 17 1
233 18 1
233 19 1
233 20 1
233 21 1
233 22 1
233 23 1
233 24 1
233 25 1
233 26 1
233 28 1
233 29 1
233 30 1
233 31 1
233 32 1
233 33 1
233 34 1
233 35 1
233 37 1
233 39 1
233 40 1
233 41 1
233 42 1
233 43 1
233 44 1
234 0 1
234 1 1
234 4 1
234 5 1
234 6 1
234 7 1
234 8 1
234 9 1
234 10 1
234 11 1
234 12 1
234 13 1
234 14 1
234 15 1
234 16 1
234 17 1
234 18 1
234 19 1
234 20 1
234 21 1
234 22 1
234 23 1
234 24 1
234 25 1
234 26 1
234 28 1
234 29 1
234 30 1
234 31 1
234 32 1
234 33 1
234 34 1
234 35 1
234 37 1
234 39 1
234 40 1
234 41 1
234 42 1
234 43 1
234 44 1
235 0 1
235 1 1
235 4 1
235 5 0
235 6 1
235 7 1
235 8 1
235 9 0
235 10 1
235 11 1
235 12 0
235 13 0
235 14 1
235 15 1
235 16 1
235 17 1
235 18 1
235 19 1
235 20 1
235 21 1
235 22 1
235 23 1
235 24 0
235 25 1
235 26 0
235 28 1
235 29 0
235 30 1
235 31 1
235 32 1
235 33 1
235 34 0
235 35 1
235 37 0
235 39 0
235 40 0
235 41 1
235 42 0
235 43 1
235 44 0
236 0 1
236 1 1
236 4 1
236 5 1
236 6 1
236 7 1
236 8 1
236 9 1
236 10 1
236 11 1
236 12 1
236 13 1
236 14 1
236 15 1
236 16 1
236 17 1
236 18 1
236 19 1
236 20 1
236 21 1
236 22 1
236 23 1
236 24 1
236 25 1
236 26 1
236 28 1
236 29 1
236 30 1
236 31 1
236 32 1
236 33 1
236 34 1
236 35 1
236 37 1
236 39 1
236 40 1
236 41 1
236 42 1
236 43 1
236 44 1
237 0 1
237 1 1
237 4 1
237 5 1
237 6 1
237 7 1
237 8 1
237 9 1
237 10 0
237 11 1
237 12 1
237 13 1
237 14 1
237 15 1
237 16 1
237 17 1
237 18 1
237 19 1
237 20 1
237 21 1
237 22 1
237 23 1
237 24 1
237 25 1
237 26 1
237 28 1
237 29 1
237 30 1
237 31 1
237 32 1
237 33 1
237 34 1
237 35 1
237 37 1
237 39 1
237 40 1
237 41 1
237 42 1
237 43 1
237 44 1
238 0 0
238 1 0
238 4 0
238 5 0
238 6 1
238 7 0
238 8 0
238 9 0
238 10 0
238 11 0
238 12 0
238 13 0
238 14 0
238 15 0
238 16 1
238 17 1
238 18 1
238 19 0
238 20 1
238 21 0
238 22 0
238 23 0
238 24 0
238 25 0
238 26 0
238 28 1
238 29 0
238 30 0
238 31 1
238 32 0
238 33 0
238 34 0
238 35 1
238 37 0
238 39 0
238 40 0
238 41 0
238 42 1
238 43 1
238 44 0
239 0 1
239 1 1
239 4 0
239 5 0
239 6 1
239 7 1
239 8 0
239 9 0
239 10 0
239 11 0
239 12 0
239 13 0
239 14 0
239 15 1
239 16 0
239 17 1
239 18 0
239 19 1
239 20 1
239 21 1
239 22 0
239 23 1
239 24 0
239 25 0
239 26 0
239 28 1
239 29 0
239 30 0
239 31 1
239 32 1
239 33 1
239 34 1
239 35 0
239 37 0
239 39 0
239 40 1
239 41 0
239 42 1
239 43 1
239 44 0