1000 38 100 0.5
0 0 1
0 1 0
0 2 0
0 3 1
0 4 1
0 5 1
0 6 0
0 7 1
0 8 1
0 9 1
1 0 0
1 1 0
1 2 0
1 3 0
1 4 0
1 5 1
1 6 0
1 7 0
1 8 0
1 9 0
2 0 0
2 1 0
2 2 0
2 3 0
2 4 0
2 5 0
2 6 0
2 7 0
2 8 1
2 9 0
3 0 1
3 1 0
3 2 0
3 3 0
3 4 0
3 5 1
3 6 0
3 7 0
3 8 0
3 9 0
4 0 0
4 1 0
4 2 0
4 3 0
4 4 0
4 5 0
4 6 0
4 7 0
4 8 0
4 9 0
5 0 0
5 1 0
5 2 0
5 3 0
5 4 0
5 5 0
5 6 0
5 7 0
5 8 0
5 9 0
6 0 1
6 1 0
6 2 0
6 3 0
6 4 0
6 5 0
6 6 0
6 7 0
6 8 0
6 9 0
7 0 0
7 1 0
7 2 0
7 3 0
7 4 0
7 5 1
7 6 0
7 7 0
7 8 1
7 9 1
8 0 1
8 1 0
8 2 0
8 3 0
8 4 0
8 5 0
8 6 0
8 7 0
8 8 0
8 9 0
9 0 0
9 1 0
9 2 0
9 3 0
9 4 1
9 5 0
9 6 0
9 7 0
9 8 0
9 9 0
10 0 0
10 1 0
10 2 0
10 3 0
10 4 0
10 5 0
10 6 0
10 7 0
10 8 0
10 9 0
11 0 1
11 1 1
11 2 0
11 3 0
11 4 1
11 5 1
11 6 0
11 7 1
11 8 0
11 9 1
12 0 1
12 1 0
12 2 0
12 3 0
12 4 0
12 5 0
12 6 0
12 7 0
12 8 0
12 9 1
13 0 1
13 1 0
13 2 0
13 3 0
13 4 1
13 5 0
13 6 0
13 7 0
13 8 0
13 9 0
14 0 0
14 1 0
14 2 0
14 3 0
14 4 0
14 5 1
14 6 0
14 7 0
14 8 0
14 9 1
15 0 1
15 1 0
15 2 0
15 3 0
15 4 0
15 5 1
15 6 0
15 7 0
15 8 0
15 9 1
16 0 1
16 1 1
16 2 0
16 3 0
16 4 1
16 5 1
16 6 0
16 7 1
16 8 1
16 9 1
17 0 1
17 1 0
17 2 0
17 3 1
17 4 0
17 5 1
17 6 0
17 7 1
17 8 1
17 9 1
18 0 0
18 1 0
18 2 0
18 3 0
18 4 0
18 5 0
18 6 1
18 7 0
18 8 0
18 9 1
19 0 1
19 1 0
19 2 0
19 3 1
19 4 0
19 5 0
19 6 0
19 7 1
19 8 0
19 9 1
20 1 0
20 10 0
20 11 0
20 12 0
20 13 1
20 14 0
20 15 0
20 16 0
20 17 0
20 3 0
21 1 0
21 10 0
21 11 1
21 12 0
21 13 1
21 14 0
21 15 0
21 16 1
21 17 0
21 3 1
22 1 0
22 10 0
22 11 0
22 12 0
22 13 1
22 14 0
22 15 0
22 16 0
22 17 0
22 3 0
23 1 0
23 10 0
23 11 0
23 12 0
23 13 1
23 14 0
23 15 0
23 16 0
23 17 0
23 3 0
24 1 0
24 10 0
24 11 0
24 12 1
24 13 0
24 14 1
24 15 0
24 16 0
24 17 0
24 3 0
25 1 0
25 10 0
25 11 0
25 12 1
25 13 1
25 14 1
25 15 0
25 16 0
25 17 0
25 3 0
26 1 0
26 10 1
26 11 1
26 12 1
26 13 1
26 14 1
26 15 1
26 16 1
26 17 1
26 3 1
27 1 0
27 10 0
27 11 0
27 12 0
27 13 0
27 14 1
27 15 0
27 16 0
27 17 0
27 3 1
28 1 0
28 10 0
28 11 1
28 12 0
28 13 0
28 14 1
28 15 1
28 16 0
28 17 0
28 3 0
29 1 0
29 10 0
29 11 0
29 12 1
29 13 1
29 14 1
29 15 0
29 16 0
29 17 1
29 3 0
30 1 0
30 10 0
30 11 1
30 12 1
30 13 1
30 14 1
30 15 1
30 16 1
30 17 1
30 3 0
31 1 0
31 10 0
31 11 0
31 12 0
31 13 0
31 14 0
31 15 0
31 16 1
31 17 0
31 3 0
32 1 0
32 10 1
32 11 1
32 12 1
32 13 1
32 14 0
32 15 0
32 16 0
32 17 1
32 3 0
33 1 0
33 10 1
33 11 0
33 12 0
33 13 0
33 14 1
33 15 0
33 16 0
33 17 0
33 3 0
34 1 0
34 10 1
34 11 0
34 12 1
34 13 0
34 14 1
34 15 0
34 16 0
34 17 1
34 3 0
35 1 1
35 10 1
35 11 1
35 12 0
35 13 0
35 14 1
35 15 1
35 16 1
35 17 1
35 3 1
36 1 0
36 10 0
36 11 0
36 12 0
36 13 0
36 14 0
36 15 0
36 16 0
36 17 0
36 3 0
37 1 0
37 10 0
37 11 0
37 12 0
37 13 0
37 14 0
37 15 0
37 16 0
37 17 0
37 3 0
38 1 0
38 10 0
38 11 0
38 12 1
38 13 0
38 14 0
38 15 0
38 16 1
38 17 1
38 3 0
39 1 0
39 10 0
39 11 0
39 12 0
39 13 0
39 14 0
39 15 0
39 16 0
39 17 0
39 3 0
40 1 0
40 11 0
40 18 1
40 19 0
40 20 0
40 21 0
40 22 0
40 23 0
40 24 0
40 25 1
41 1 0
41 11 0
41 18 0
41 19 0
41 20 0
41 21 0
41 22 0
41 23 0
41 24 0
41 25 0
42 1 0
42 11 0
42 18 0
42 19 0
42 20 0
42 21 0
42 22 0
42 23 0
42 24 1
42 25 0
43 1 0
43 11 1
43 18 0
43 19 0
43 20 1
43 21 0
43 22 1
43 23 0
43 24 0
43 25 1
44 1 0
44 11 0
44 18 0
44 19 0
44 20 0
44 21 0
44 22 0
44 23 0
44 24 0
44 25 1
45 1 0
45 11 1
45 18 0
45 19 0
45 20 0
45 21 0
45 22 0
45 23 0
45 24 1
45 25 0
46 1 0
46 11 0
46 18 0
46 19 0
46 20 0
46 21 0
46 22 0
46 23 0
46 24 0
46 25 0
47 1 0
47 11 0
47 18 0
47 19 0
47 20 0
47 21 0
47 22 0
47 23 0
47 24 1
47 25 0
48 1 0
48 11 0
48 18 0
48 19 0
48 20 0
48 21 0
48 22 0
48 23 0
48 24 0
48 25 0
49 1 0
49 11 0
49 18 0
49 19 0
49 20 0
49 21 0
49 22 0
49 23 0
49 24 1
49 25 0
50 1 0
50 11 0
50 18 0
50 19 0
50 20 0
50 21 0
50 22 0
50 23 0
50 24 1
50 25 0
51 1 0
51 11 0
51 18 0
51 19 0
51 20 0
51 21 0
51 22 0
51 23 0
51 24 1
51 25 0
52 1 0
52 11 0
52 18 0
52 19 0
52 20 0
52 21 0
52 22 0
52 23 0
52 24 0
52 25 0
53 1 0
53 11 0
53 18 0
53 19 0
53 20 0
53 21 0
53 22 0
53 23 0
53 24 0
53 25 0
54 1 0
54 11 1
54 18 0
54 19 0
54 20 0
54 21 0
54 22 0
54 23 0
54 24 1
54 25 0
55 1 0
55 11 0
55 18 0
55 19 1
55 20 0
55 21 0
55 22 0
55 23 0
55 24 1
55 25 0
56 1 1
56 11 1
56 18 1
56 19 1
56 20 0
56 21 0
56 22 1
56 23 1
56 24 0
56 25 1
57 1 0
57 11 0
57 18 0
57 19 0
57 20 0
57 21 0
57 22 0
57 23 1
57 24 1
57 25 0
58 1 0
58 11 1
58 18 0
58 19 0
58 20 0
58 21 0
58 22 0
58 23 1
58 24 0
58 25 1
59 1 0
59 11 0
59 18 0
59 19 1
59 20 0
59 21 0
59 22 0
59 23 0
59 24 0
59 25 1
60 26 0
60 0 1
60 1 0
60 27 0
60 28 0
60 29 1
60 10 0
60 2 1
60 30 1
60 11 0
61 26 1
61 0 0
61 1 0
61 27 0
61 28 0
61 29 0
61 10 0
61 2 0
61 30 0
61 11 0
62 26 0
62 0 0
62 1 0
62 27 0
62 28 0
62 29 1
62 10 0
62 2 0
62 30 0
62 11 0
63 26 0
63 0 0
63 1 0
63 27 0
63 28 0
63 29 1
63 10 0
63 2 0
63 30 1
63 11 0
64 26 0
64 0 0
64 1 0
64 27 0
64 28 0
64 29 0
64 10 0
64 2 0
64 30 0
64 11 0
65 26 0
65 0 0
65 1 0
65 27 0
65 28 0
65 29 1
65 10 0
65 2 0
65 30 0
65 11 0
66 26 1
66 0 1
66 1 0
66 27 1
66 28 1
66 29 1
66 10 0
66 2 0
66 30 1
66 11 1
67 26 1
67 0 1
67 1 1
67 27 0
67 28 1
67 29 1
67 10 1
67 2 0
67 30 1
67 11 1
68 26 0
68 0 0
68 1 0
68 27 0
68 28 0
68 29 1
68 10 0
68 2 0
68 30 0
68 11 0
69 26 1
69 0 1
69 1 0
69 27 0
69 28 0
69 29 0
69 10 0
69 2 0
69 30 0
69 11 0
70 26 0
70 0 1
70 1 0
70 27 0
70 28 0
70 29 0
70 10 0
70 2 0
70 30 1
70 11 0
71 26 0
71 0 1
71 1 0
71 27 0
71 28 0
71 29 1
71 10 0
71 2 0
71 30 0
71 11 0
72 26 1
72 0 1
72 1 1
72 27 1
72 28 1
72 29 1
72 10 1
72 2 0
72 30 0
72 11 1
73 26 1
73 0 1
73 1 0
73 27 1
73 28 0
73 29 1
73 10 1
73 2 0
73 30 0
73 11 0
74 26 0
74 0 1
74 1 0
74 27 1
74 28 0
74 29 1
74 10 1
74 2 0
74 30 0
74 11 0
75 26 1
75 0 1
75 1 0
75 27 0
75 28 1
75 29 1
75 10 0
75 2 0
75 30 0
75 11 0
76 26 0
76 0 0
76 1 0
76 27 0
76 28 1
76 29 1
76 10 0
76 2 0
76 30 0
76 11 0
77 26 1
77 0 1
77 1 1
77 27 1
77 28 1
77 29 1
77 10 1
77 2 0
77 30 0
77 11 1
78 26 0
78 0 0
78 1 0
78 27 0
78 28 1
78 29 1
78 10 0
78 2 0
78 30 0
78 11 0
79 26 0
79 0 0
79 1 0
79 27 0
79 28 1
79 29 0
79 10 0
79 2 0
79 30 0
79 11 0
80 31 0
80 32 0
80 33 0
80 34 1
80 35 1
80 26 1
80 36 1
80 37 1
80 0 0
80 1 0
81 31 0
81 32 0
81 33 0
81 34 0
81 35 0
81 26 0
81 36 0
81 37 0
81 0 1
81 1 0
82 31 0
82 32 0
82 33 0
82 34 0
82 35 0
82 26 0
82 36 0
82 37 0
82 0 1
82 1 0
83 31 0
83 32 0
83 33 0
83 34 0
83 35 0
83 26 0
83 36 0
83 37 0
83 0 0
83 1 0
84 31 0
84 32 0
84 33 0
84 34 0
84 35 0
84 26 0
84 36 0
84 37 0
84 0 0
84 1 0
85 31 0
85 32 0
85 33 0
85 34 0
85 35 0
85 26 0
85 36 0
85 37 0
85 0 0
85 1 0
86 31 1
86 32 0
86 33 0
86 34 1
86 35 0
86 26 1
86 36 1
86 37 1
86 0 0
86 1 1
87 31 0
87 32 1
87 33 1
87 34 1
87 35 1
87 26 1
87 36 1
87 37 1
87 0 1
87 1 1
88 31 0
88 32 0
88 33 0
88 34 0
88 35 0
88 26 0
88 36 0
88 37 1
88 0 1
88 1 0
89 31 0
89 32 0
89 33 0
89 34 0
89 35 0
89 26 1
89 36 0
89 37 0
89 0 0
89 1 0
90 31 0
90 32 0
90 33 0
90 34 0
90 35 0
90 26 0
90 36 0
90 37 0
90 0 0
90 1 0
91 31 0
91 32 0
91 33 0
91 34 0
91 35 0
91 26 0
91 36 0
91 37 0
91 0 0
91 1 0
92 31 0
92 32 1
92 33 0
92 34 0
92 35 1
92 26 1
92 36 0
92 37 1
92 0 1
92 1 1
93 31 1
93 32 1
93 33 0
93 34 1
93 35 0
93 26 0
93 36 0
93 37 1
93 0 1
93 1 0
94 31 0
94 32 0
94 33 0
94 34 0
94 35 0
94 26 0
94 36 0
94 37 0
94 0 0
94 1 0
95 31 1
95 32 0
95 33 0
95 34 0
95 35 0
95 26 0
95 36 0
95 37 0
95 0 0
95 1 0
96 31 0
96 32 0
96 33 1
96 34 1
96 35 0
96 26 1
96 36 0
96 37 1
96 0 1
96 1 1
97 31 0
97 32 0
97 33 1
97 34 1
97 35 1
97 26 0
97 36 1
97 37 1
97 0 1
97 1 0
98 31 1
98 32 0
98 33 1
98 34 1
98 35 0
98 26 0
98 36 1
98 37 1
98 0 1
98 1 0
99 31 0
99 32 1
99 33 0
99 34 0
99 35 0
99 26 0
99 36 0
99 37 0
99 0 0
99 1 0